10 1
75
24 417 -1
13 209 -1
3 422 -1
11 275 -1
16 451 -1
18 283 -1
17 259 -1
40 493 -1
56 270 -1
0 394 -1
6 308 -1
8 210 -1
15 437 -1
12 265 -1
25 268 -1
29 311 -1
27 243 -1
28 286 -1
32 328 -1
34 248 -1
39 499 -1
38 324 -1
37 468 -1
42 334 -1
41 338 -1
46 457 -1
61 324 -1
49 338 -1
48 459 -1
54 294 -1
65 260 -1
62 270 -1
58 216 -1
64 334 -1
66 258 -1
68 224 -1
67 393 -1
69 471 -1
2 322 -1
5 374 -1
1 244 -1
4 261 -1
9 331 -1
7 384 -1
10 365 -1
14 383 -1
19 241 -1
20 211 -1
21 427 -1
22 280 -1
23 482 -1
26 349 -1
30 468 9721 1257 1018 1202 1654 1710 1036 1805 1583 1174 1931
31 423 7508 1294 1482 1504 1374 1283 1330 1799 1110 1966 1745
36 465 9995 1558 1036 1089 1327 1884 1453 1439 1050 1995 1789
33 449 5672 1847 1494 1595 1618 1562 1835 1688 1622 1544 1972
35 328 9737 1147 1522 1073 1021 1869 1847 1588 1174 1095 1427
43 236 5948 1159 1473 1113 1547 1857 1914 1678 1084 1616 1595
45 439 9474 1578 1511 1693 1016 1824 1802 1980 1640 1346 1276
51 331 6428 1485 1456 1582 1542 1521 1163 1504 1541 1803 1037
47 211 7474 1846 1243 1343 1021 1672 1789 1691 1578 1464 1107
44 470 9336 1326 1010 1994 1844 1181 1882 1707 1789 1782 1242
52 233 7649 1194 1473 1013 1899 1302 1058 1973 1715 1575 1067
57 331 5041 1910 1742 1721 1759 1272 1250 1581 1961 1398 1242
55 215 9003 1967 1297 1387 1221 1200 1308 1980 1906 1746 1251
50 208 6128 1011 1394 1899 1664 1438 1141 1730 1884 1576 1966
53 372 6482 1896 1406 1863 1401 1995 1926 1796 1286 1532 1755
59 409 8439 1526 1741 1246 1581 1812 1900 1409 1560 1074 1767
60 464 6452 1979 1573 1837 1201 1998 1223 1114 1961 1653 1764
63 314 9048 1079 1405 1313 1869 1355 1693 1057 1147 1215 1824
70 232 5309 1402 1429 1853 1460 1106 1593 1643 1180 1482 1477
71 201 6324 1892 1354 1125 1239 1823 1457 1486 1723 1487 1818
74 415 6046 1645 1603 1619 1566 1829 1702 1837 1297 1441 1443
72 237 7631 1391 1699 1142 1057 1255 1426 1687 1491 1126 1067
73 435 8852 1850 1692 1197 1807 1063 1442 1706 1679 1628 1072
99
0 2 255
0 5 210
0 13 479
1 3 411
1 4 451
2 9 379
3 5 255
3 13 291
3 6 397
4 7 450
6 11 424
6 8 236
7 8 464
8 10 274
9 15 277
10 12 364
11 13 432
11 12 496
11 16 377
12 14 259
13 18 268
14 17 413
15 18 221
15 19 416
16 18 413
16 17 266
16 24 497
17 20 244
17 21 207
18 25 354
19 29 281
20 24 475
21 22 332
22 27 208
23 24 345
23 26 444
24 27 376
24 30 312
25 29 334
25 28 261
26 28 423
27 31 491
28 32 465
29 36 401
30 33 210
31 34 285
32 35 263
32 40 412
33 39 241
34 38 227
34 43 496
35 37 236
36 37 370
37 45 404
38 39 326
38 42 371
39 40 346
40 41 441
40 56 320
41 46 275
41 61 246
42 51 306
42 49 359
43 47 481
44 48 274
44 45 316
46 48 388
46 54 491
47 52 306
48 57 371
49 55 374
49 50 335
50 53 332
51 56 330
52 53 288
54 65 269
54 62 489
55 58 488
56 59 372
56 58 375
57 60 382
58 63 203
59 61 296
60 64 393
61 62 360
62 66 456
63 66 420
64 70 372
64 65 241
65 68 260
66 67 348
67 68 246
67 69 494
68 69 221
69 71 241
70 74 436
71 72 240
72 73 245
73 74 247
