30
8 7 8 38 40 1 0
1 5 4 69 56 1 0
3 9 2 1 15 1 5
6 1 5 66 8 3 6 0 4
8 7 4 41 27 2 1 0
0 10 3 65 18 2 8 4
3 4 5 25 28 2 9 4
5 10 5 22 7 1 2
2 13 4 28 0 2 7 3
4 5 10 8 16 1 7
4 1 12 61 24 1 1
9 9 12 39 65 2 8 6
4 5 2 54 14 2 1 2
7 14 12 32 11 1 5
9 2 4 29 12 2 1 9
5 6 5 58 34 3 4 8 9
1 6 3 13 34 2 1 8
4 5 10 32 39 2 6 0
7 4 9 42 6 3 8 6 4
7 13 3 11 65 2 5 6
9 2 5 32 10 2 7 9
5 4 2 25 6 1 9
10 13 8 22 61 1 3
7 6 5 18 25 1 9
7 6 8 61 69 1 7
3 10 5 48 10 2 4 9
3 5 12 21 64 3 9 7 0
6 5 2 5 16 1 6
4 10 4 0 16 3 6 8 5
0 2 2 66 40 3 4 3 6
