30
6 9 5 4 1 3 4 0 1
13 12 12 0 4 1 4
12 1 2 0 10 3 3 4 0
4 4 4 6 2 1 2
10 6 3 4 13 1 3
5 6 4 12 7 1 1
5 5 10 8 9 3 4 3 1
5 6 5 0 3 1 0
3 0 10 8 3 3 0 2 3
9 17 12 6 11 1 3
7 8 5 9 11 1 4
5 7 3 13 1 2 0 4
2 10 7 12 6 2 0 2
5 4 3 8 4 3 0 2 0
3 5 2 8 0 1 4
6 4 3 9 0 2 1 3
2 8 1 4 1 3 1 2 0
3 4 8 3 4 2 3 4
10 2 2 3 9 2 1 0
7 7 11 12 10 2 1 4
4 12 9 1 4 2 3 4
3 0 1 9 2 2 1 4
10 9 4 7 4 3 0 2 3
6 5 6 8 1 2 3 2
6 4 10 0 10 2 3 2
4 3 6 10 11 1 0
2 3 1 10 6 2 2 0
8 4 6 6 7 2 3 4
6 2 9 2 9 2 4 0
4 8 17 4 0 1 1
