10 1
104
40 262 8403 1822 1013 1120 1515 1688 1607 1668 1578 1414 1838
17 468 9974 1281 1917 1308 1365 1075 1678 1495 1750 1587 1982
33 298 5444 1255 1213 1563 1931 1204 1223 1338 1191 1406 1217
46 340 9025 1890 1493 1376 1216 1506 1428 1257 1573 1054 1915
65 446 5057 1632 1337 1083 1452 1415 1846 1199 1340 1015 1070
75 343 7322 1833 1805 1661 1061 1026 1071 1768 1210 1773 1484
3 310 6702 1124 1668 1663 1998 1542 1552 1590 1792 1951 1490
9 236 5618 1400 1185 1680 1144 1102 1337 1677 1872 1425 1699
15 226 7056 1546 1814 1395 1014 1514 1500 1506 1906 1817 1933
32 226 5006 1478 1859 1868 1706 1091 1452 1092 1191 1148 1699
20 314 -1
29 284 -1
35 457 -1
49 450 -1
54 215 -1
62 226 -1
67 305 -1
68 426 -1
69 327 -1
74 208 -1
79 204 -1
86 260 -1
81 384 -1
83 240 -1
84 211 -1
85 432 -1
101 465 -1
87 461 -1
94 405 -1
0 379 -1
4 425 -1
1 488 -1
2 441 -1
8 474 -1
6 430 -1
5 458 -1
19 439 -1
11 424 -1
7 444 -1
12 454 -1
13 341 -1
10 397 -1
16 207 -1
14 217 -1
22 389 -1
24 394 -1
18 246 -1
23 270 -1
28 489 -1
25 280 -1
21 477 -1
26 495 -1
30 358 -1
31 396 -1
37 325 -1
41 226 -1
43 451 -1
34 478 -1
45 282 -1
48 362 -1
36 451 -1
50 376 -1
53 491 -1
56 258 -1
52 432 -1
61 380 -1
55 267 -1
57 408 -1
58 319 -1
59 451 -1
60 351 -1
64 498 -1
63 430 -1
66 381 -1
78 459 -1
77 211 -1
80 210 -1
70 448 -1
76 282 -1
71 424 -1
72 427 -1
73 237 -1
82 321 -1
88 418 -1
93 255 -1
98 442 -1
100 460 -1
96 314 -1
97 468 -1
99 363 -1
102 494 -1
27 375 -1
38 406 -1
39 299 -1
44 286 -1
42 382 -1
47 216 -1
51 469 -1
91 289 -1
90 307 -1
89 398 -1
92 245 -1
95 297 -1
103 475 -1
116
0 4 204
0 3 367
1 2 320
1 8 425
2 3 382
3 9 221
4 6 489
5 19 340
5 15 315
6 11 497
7 8 202
7 12 252
9 13 291
9 17 316
10 15 221
10 16 305
11 14 412
12 17 247
13 32 285
14 22 479
15 20 448
16 24 272
17 18 402
17 23 294
18 27 442
19 28 271
20 25 423
20 33 331
21 26 313
21 30 318
22 31 370
23 29 275
24 25 388
26 35 369
28 40 346
29 35 405
29 38 310
30 37 408
31 32 398
32 39 320
33 41 227
33 43 222
33 44 288
34 45 320
34 48 475
35 36 208
36 40 463
37 40 425
40 41 372
40 43 486
40 46 270
42 49 458
45 65 216
46 47 319
46 49 363
46 50 222
48 53 428
49 56 359
50 52 240
51 61 348
52 55 466
53 54 361
54 65 441
54 57 410
55 58 274
56 75 355
57 59 253
58 60 282
59 64 434
60 62 350
61 65 357
62 65 403
62 67 333
63 67 425
63 68 378
64 69 255
66 68 489
66 78 444
67 74 266
68 77 305
69 79 422
69 80 289
70 86 294
70 76 275
71 74 254
71 81 439
72 75 313
72 73 205
73 77 231
74 83 275
75 91 455
75 78 438
76 79 382
79 86 342
80 81 314
81 82 248
82 84 346
83 84 328
83 85 487
84 88 464
85 101 285
85 87 439
86 93 314
87 90 491
87 94 278
88 89 353
92 93 324
94 98 284
94 100 227
95 96 231
96 97 496
97 99 369
98 102 453
99 100 320
101 103 235
101 102 372
