30
5 4 5 66 48 1 9
6 7 8 85 88 1 9
7 3 4 69 13 2 2 6
13 6 4 49 26 1 3
11 10 2 101 47 1 9
2 4 5 62 48 1 7
4 6 2 56 76 3 9 1 9
7 5 6 20 69 3 2 7 2
16 3 7 11 10 2 8 6
4 2 7 76 4 3 8 0 5
6 6 2 97 62 1 9
6 7 4 57 99 2 8 7
9 0 15 96 24 3 4 8 3
6 8 10 81 12 3 0 8 4
5 10 5 48 31 1 2
7 11 9 90 38 3 1 3 7
11 10 6 20 39 1 5
2 5 4 89 64 3 1 7 5
8 7 6 20 18 1 3
7 4 12 92 89 2 9 2
1 7 7 38 4 1 6
4 4 3 29 38 3 2 0 6
6 7 11 102 83 3 3 4 1
1 9 11 85 28 2 6 9
6 6 4 52 92 1 7
8 6 10 41 78 1 5
3 1 2 93 21 3 4 2 8
2 8 3 4 36 1 0
10 9 6 90 41 2 6 4
5 2 7 37 97 2 5 8
