10 1
75
24 451 -1
13 272 8792 1836 1588 1979 1805 1490 1887 1422 1637 1307 1096
3 393 9526 1710 1252 1238 1953 1035 1531 1750 1675 1185 1513
11 374 9414 1285 1709 1343 1421 1624 1285 1979 1330 1042 1228
16 345 -1
18 278 7670 1104 1450 1473 1259 1373 1892 1264 1380 1402 1728
17 384 6295 1397 1074 1698 1268 1694 1413 1485 1364 1437 1135
40 255 -1
56 483 -1
0 332 -1
6 307 -1
8 204 7603 1518 1165 1782 1428 1973 1424 1604 1484 1413 1554
15 432 -1
12 353 -1
25 281 -1
29 320 -1
27 440 -1
28 274 8057 1037 1969 1044 1353 1367 1940 1256 1899 1926 1640
32 304 -1
34 417 -1
39 283 -1
38 392 -1
37 498 5817 1570 1132 1393 1240 1282 1559 1804 1638 1314 1266
42 247 -1
41 383 -1
46 441 -1
61 391 8661 1349 1469 1446 1571 1256 1312 1934 1537 1712 1679
49 274 5273 1312 1439 1240 1524 1477 1910 1155 1918 1072 1432
48 246 -1
54 201 -1
65 403 -1
62 311 -1
58 352 -1
64 210 6698 1998 1541 1128 1393 2000 1299 1482 1599 1633 1934
66 378 -1
68 422 -1
67 245 -1
69 238 -1
2 334 -1
5 270 -1
1 390 -1
4 273 -1
9 337 -1
7 401 -1
10 448 9938 1536 1133 1911 1824 1123 1756 1935 1707 1369 1321
14 423 9357 1922 1433 1468 1536 1616 1783 1879 1136 1099 1733
19 430 -1
20 235 -1
21 295 -1
22 356 7660 1043 1575 1167 1820 1148 1295 1218 1173 1638 1661
23 461 5458 1146 1653 1291 1324 1597 1779 1721 1816 1439 1332
26 453 -1
30 285 -1
31 465 -1
36 427 -1
33 457 -1
35 358 7433 1579 1431 1854 1681 1222 1181 1508 1103 1367 1174
43 245 -1
45 285 -1
51 284 -1
47 258 8828 1038 1593 1493 1750 1708 1716 1695 1492 1989 1214
44 270 -1
52 466 -1
57 268 5239 1178 1033 1556 1571 1860 1876 1693 1318 1541 1021
55 463 5656 1232 1199 1034 1466 1176 1157 1631 1846 1757 1825
50 497 -1
53 207 -1
59 382 8086 1556 1814 1899 1049 1626 1316 1272 1015 1603 1471
60 458 -1
63 282 6467 1746 1631 1147 1946 1666 1457 1169 1998 1681 1955
70 487 -1
71 421 -1
74 376 -1
72 344 -1
73 278 9351 1869 1988 1785 1070 1419 1392 1608 1581 1325 1033
99
0 2 331
0 5 231
0 13 474
1 3 451
1 4 238
2 9 210
3 5 323
3 13 237
3 6 215
4 7 341
6 11 283
6 8 308
7 8 356
8 10 252
9 15 397
10 12 459
11 13 368
11 12 416
11 16 363
12 14 257
13 18 403
14 17 217
15 18 210
15 19 420
16 18 312
16 17 436
16 24 416
17 20 408
17 21 377
18 25 279
19 29 261
20 24 466
21 22 382
22 27 274
23 24 483
23 26 335
24 27 406
24 30 272
25 29 387
25 28 365
26 28 462
27 31 447
28 32 251
29 36 434
30 33 266
31 34 477
32 35 397
32 40 432
33 39 265
34 38 419
34 43 208
35 37 246
36 37 290
37 45 389
38 39 395
38 42 359
39 40 284
40 41 343
40 56 274
41 46 428
41 61 318
42 51 408
42 49 438
43 47 302
44 48 321
44 45 337
46 48 372
46 54 357
47 52 366
48 57 220
49 55 260
49 50 409
50 53 495
51 56 388
52 53 336
54 65 482
54 62 452
55 58 438
56 59 246
56 58 273
57 60 442
58 63 481
59 61 468
60 64 414
61 62 467
62 66 349
63 66 350
64 70 322
64 65 270
65 68 238
66 67 289
67 68 262
67 69 416
68 69 493
69 71 450
70 74 456
71 72 374
72 73 219
73 74 460
