30
8 6 7 26 27 2 9 2
3 2 12 29 60 3 0 1 8
12 3 5 19 58 2 5 4
6 12 14 16 43 1 5
4 3 19 68 48 2 6 0
8 3 6 19 32 3 1 8 6
3 13 7 27 34 1 7
7 7 4 19 46 1 0
10 3 9 69 50 2 1 2
4 10 4 42 66 3 8 2 8
4 5 6 5 45 1 1
11 3 3 46 24 2 1 4
3 19 3 52 70 2 9 6
9 6 7 38 2 2 1 8
6 7 2 27 24 1 6
6 1 18 53 56 2 2 1
11 7 3 7 16 2 9 5
4 4 2 2 51 1 6
11 9 3 45 42 2 6 4
13 14 8 34 1 1 7
8 9 6 52 26 3 1 7 1
2 6 0 5 26 3 7 1 7
4 6 4 41 27 3 4 1 3
1 9 1 30 36 3 5 7 1
12 7 6 27 54 2 7 5
5 10 3 1 52 3 0 9 4
15 9 5 20 25 1 1
4 8 8 42 5 1 3
8 1 12 26 68 3 1 6 2
1 6 12 4 54 1 3
