10 2
104
40 267 9443 1095 1796 1408 1273 1162 1479 1024 1415 1460 1209
17 355 9450 1748 1082 1507 1356 1596 1928 1696 1239 1201 1331
33 273 5612 1778 1207 1310 1971 1218 1781 1208 1187 1535 1216
46 453 6623 1917 1603 1297 1854 1502 1782 1169 1315 1159 1983
65 426 5140 1199 1433 1665 1656 1476 1226 1867 1680 1945 1075
75 252 9046 1412 1620 1672 1789 1520 1637 1243 1765 1386 1467
3 243 9303 1535 1203 1131 1130 1316 1860 1114 1716 1173 1969
9 295 5133 1564 1774 1426 1454 1985 1614 1536 1794 1543 1064
15 484 8123 1603 1360 1113 1709 1477 1423 1938 1790 1109 1373
32 395 9523 1260 1710 1902 1504 1951 1997 1475 1779 1977 1096
20 287 7807 1305 1238 1877 1028 1093 1426 1197 1726 1973 1259
29 318 6326 1444 1883 1837 1408 1370 1148 1535 1695 1584 1335
35 397 8036 1157 1088 1804 1777 1144 1648 1495 1177 1697 1805
49 433 8127 1320 1278 1827 1903 1115 1395 1211 1575 1607 1463
54 240 7684 1437 1622 1288 1226 1176 1794 1269 1452 1770 1383
62 485 7974 1288 1241 1437 1563 1702 1779 1297 1421 1521 1343
67 442 8087 1603 1736 1821 1864 1994 1265 1110 1149 1131 1031
68 262 7244 1872 1572 1490 1481 1913 1720 1239 1434 1935 1944
69 416 7665 1380 1543 1206 1868 1464 1218 1003 1407 1039 1214
74 203 7666 1184 1700 1853 1075 1588 1308 1537 1402 1275 1447
79 320 9667 1442 1244 1224 1479 1939 1098 1368 1579 1340 1949
86 329 5427 1963 1323 1860 1738 1484 1511 1486 1416 1189 1696
81 276 6826 1485 1303 1490 1394 1356 1390 1604 1099 1810 1468
83 404 5608 1242 1176 1944 1299 1526 1859 1021 1276 1986 1799
84 421 9756 1182 1683 1363 1659 1010 1702 1892 1779 1692 1159
85 401 6566 1690 1139 1263 1185 1573 1639 1705 1604 1311 1346
101 200 5766 1757 1536 1806 1252 1772 1162 1367 1577 1833 1585
87 347 5108 1838 1757 1737 1122 1968 1743 1603 1963 1604 1390
94 490 6960 1195 1621 1857 1980 1920 1432 1516 1387 1000 1230
0 497 8107 1646 1957 1176 1988 1852 1038 1652 1719 1335 1797
4 279 7835 1531 1481 1100 1910 1136 1152 1577 1488 1613 1625
1 301 -1
2 343 -1
8 309 -1
6 480 -1
5 261 -1
19 239 -1
11 228 -1
7 330 -1
12 417 -1
13 413 -1
10 288 -1
16 236 -1
14 492 -1
22 339 -1
24 220 -1
18 291 -1
23 434 -1
28 449 -1
25 225 -1
21 363 -1
26 287 -1
30 216 -1
31 385 -1
37 433 -1
41 215 -1
43 432 -1
34 371 -1
45 359 -1
48 267 -1
36 230 -1
50 237 -1
53 378 -1
56 429 -1
52 282 -1
61 436 -1
55 295 -1
57 436 -1
58 462 -1
59 442 -1
60 212 -1
64 381 -1
63 389 -1
66 361 -1
78 358 -1
77 389 -1
80 232 -1
70 328 -1
76 407 -1
71 285 -1
72 272 -1
73 332 -1
82 258 -1
88 372 -1
93 418 -1
98 465 -1
100 362 -1
96 245 -1
97 246 -1
99 391 -1
102 210 -1
27 314 -1
38 247 -1
39 204 -1
44 446 -1
42 382 -1
47 341 -1
51 404 -1
91 452 -1
90 479 -1
89 273 -1
92 353 -1
95 453 -1
103 391 -1
116
0 4 238
0 3 470
1 2 362
1 8 240
2 3 275
3 9 393
4 6 216
5 19 371
5 15 342
6 11 255
7 8 379
7 12 270
9 13 442
9 17 332
10 15 251
10 16 244
11 14 245
12 17 233
13 32 270
14 22 224
15 20 242
16 24 492
17 18 296
17 23 285
18 27 267
19 28 496
20 25 434
20 33 260
21 26 231
21 30 335
22 31 342
23 29 364
24 25 310
26 35 343
28 40 371
29 35 280
29 38 459
30 37 443
31 32 480
32 39 433
33 41 403
33 43 448
33 44 230
34 45 237
34 48 361
35 36 362
36 40 239
37 40 298
40 41 277
40 43 370
40 46 337
42 49 477
45 65 205
46 47 409
46 49 371
46 50 376
48 53 336
49 56 409
50 52 461
51 61 379
52 55 313
53 54 467
54 65 356
54 57 483
55 58 355
56 75 499
57 59 266
58 60 289
59 64 218
60 62 229
61 65 291
62 65 271
62 67 451
63 67 318
63 68 307
64 69 220
66 68 497
66 78 415
67 74 369
68 77 321
69 79 494
69 80 340
70 86 291
70 76 387
71 74 336
71 81 245
72 75 371
72 73 210
73 77 435
74 83 306
75 91 206
75 78 222
76 79 419
79 86 294
80 81 323
81 82 205
82 84 255
83 84 383
83 85 200
84 88 456
85 101 472
85 87 486
86 93 284
87 90 272
87 94 490
88 89 331
92 93 371
94 98 244
94 100 401
95 96 471
96 97 367
97 99 453
98 102 432
99 100 457
101 103 370
101 102 300
