30
7 5 13 56 31 3 6 7 2
2 6 9 102 48 1 6
3 7 3 1 70 3 3 9 1
9 1 6 48 18 2 6 9
8 14 6 6 37 2 7 8
4 2 11 11 103 3 7 5 3
10 9 17 13 60 2 8 3
5 3 2 58 13 3 6 5 2
10 3 2 91 37 3 9 6 1
9 2 5 38 88 2 3 6
4 10 3 78 34 1 2
10 0 9 52 103 3 3 1 2
3 6 8 53 37 2 7 3
6 16 4 19 43 2 1 3
5 3 4 57 24 2 9 5
3 4 2 53 96 3 9 2 7
4 5 8 77 99 2 2 5
4 11 1 22 97 2 6 1
14 9 2 61 26 2 6 8
8 9 12 28 18 1 9
1 8 11 61 52 1 3
6 4 1 100 48 2 1 7
14 2 2 16 93 2 0 3
10 7 6 38 2 2 8 9
2 10 8 82 1 1 0
5 11 5 16 92 3 9 4 0
3 3 2 73 7 2 2 1
8 7 0 48 96 2 1 5
4 4 3 64 43 3 6 5 0
4 3 2 27 73 1 8
