30
8 6 4 0 7 1 1
3 2 3 13 2 3 4 1 2
1 6 10 1 9 3 4 1 2
4 7 5 2 9 2 2 1
8 11 1 6 9 2 2 1
7 7 7 12 0 1 3
5 7 12 0 3 3 0 1 4
2 7 2 0 6 2 1 2
7 6 2 4 6 3 0 2 1
4 9 2 3 2 1 2
4 9 4 11 4 3 1 2 1
5 2 8 0 1 2 4 2
21 3 7 12 7 2 2 4
2 11 2 3 10 2 4 1
4 5 5 0 12 2 4 3
3 12 4 2 12 1 2
11 1 5 1 0 3 1 0 3
4 6 15 1 8 1 3
0 14 7 4 13 1 4
3 8 5 12 0 2 0 3
9 10 6 13 8 1 1
2 11 4 13 7 3 1 0 4
3 3 12 6 4 1 0
4 3 2 3 1 1 1
2 4 10 1 7 3 3 0 1
6 5 13 0 2 2 2 1
3 8 8 1 12 2 1 2
3 2 3 1 12 2 2 1
6 13 8 10 11 1 0
9 8 6 0 3 3 2 1 3
