10 2
75
24 314 7605 1568 1084 1071 1396 1421 1201 1615 1120 1938 1184
13 456 6980 1119 1167 1845 1120 1667 1675 1224 1068 1982 1969
3 317 8503 1161 1482 1153 1358 1866 1162 1445 1341 1633 1093
11 269 8465 1098 1854 1901 1479 1691 1086 1602 1258 1324 1612
16 325 8098 1076 1869 1406 1854 1464 1218 1103 1463 1352 1629
18 443 9876 1680 1116 1483 1545 1651 1907 1058 1455 1840 1671
17 292 5095 1922 1492 1014 1354 1470 1434 1235 1565 1016 1464
40 315 7288 1117 1209 1301 1518 1435 1099 1945 1719 1091 1323
56 461 9026 1705 1936 1478 1580 1433 1477 1640 1989 1046 1420
0 265 9800 1688 1778 1646 1769 1194 1455 1483 1498 1566 1678
6 409 7709 1683 1476 1708 1385 1704 1925 1978 1533 1605 1982
8 398 9672 1722 1243 1651 1102 1002 1061 1037 1686 1986 1509
15 296 6884 1476 1843 1580 1578 1181 1623 1268 1535 1005 1465
12 425 5631 1716 1442 1730 1086 1219 1733 1590 1809 1653 1923
25 271 7762 1991 1337 1142 1738 1547 1512 1035 1083 1040 1802
29 282 8463 1216 1388 1794 1055 1582 1858 1652 1106 1078 1136
27 375 9962 1974 1619 1377 1203 1767 1713 1369 1129 1657 1237
28 377 5826 1350 1518 1671 1031 1742 1955 1100 1154 1183 1416
32 201 5858 1194 1038 1842 1329 1481 1544 1151 1572 1906 1957
34 479 5251 1462 1572 1011 1992 1589 1794 1707 1080 1777 1677
39 269 5106 1814 1721 1952 1610 1176 1583 1597 1017 1200 1599
38 351 9736 1635 1340 1652 1931 1272 1830 1915 1588 1390 1705
37 229 -1
42 432 -1
41 438 -1
46 471 -1
61 359 -1
49 230 -1
48 444 -1
54 242 -1
65 424 -1
62 346 -1
58 337 -1
64 213 -1
66 204 -1
68 313 -1
67 281 -1
69 217 -1
2 418 -1
5 389 -1
1 292 -1
4 306 -1
9 460 -1
7 317 -1
10 484 -1
14 445 -1
19 217 -1
20 341 -1
21 300 -1
22 205 -1
23 387 -1
26 493 -1
30 442 -1
31 313 -1
36 299 -1
33 288 -1
35 335 -1
43 217 -1
45 430 -1
51 287 -1
47 233 -1
44 382 -1
52 415 -1
57 293 -1
55 418 -1
50 466 -1
53 496 -1
59 426 -1
60 334 -1
63 382 -1
70 342 -1
71 416 -1
74 327 -1
72 227 -1
73 355 -1
99
0 2 223
0 5 484
0 13 326
1 3 249
1 4 343
2 9 254
3 5 441
3 13 458
3 6 296
4 7 353
6 11 395
6 8 227
7 8 259
8 10 363
9 15 316
10 12 329
11 13 329
11 12 344
11 16 380
12 14 300
13 18 387
14 17 369
15 18 217
15 19 450
16 18 327
16 17 370
16 24 260
17 20 418
17 21 212
18 25 452
19 29 471
20 24 490
21 22 377
22 27 256
23 24 271
23 26 404
24 27 271
24 30 410
25 29 248
25 28 245
26 28 493
27 31 313
28 32 355
29 36 297
30 33 256
31 34 379
32 35 337
32 40 415
33 39 450
34 38 389
34 43 401
35 37 235
36 37 383
37 45 493
38 39 245
38 42 367
39 40 459
40 41 438
40 56 338
41 46 276
41 61 204
42 51 404
42 49 304
43 47 310
44 48 429
44 45 484
46 48 396
46 54 250
47 52 374
48 57 250
49 55 341
49 50 262
50 53 404
51 56 448
52 53 244
54 65 323
54 62 259
55 58 348
56 59 495
56 58 212
57 60 341
58 63 331
59 61 311
60 64 280
61 62 274
62 66 442
63 66 265
64 70 280
64 65 401
65 68 313
66 67 353
67 68 478
67 69 208
68 69 308
69 71 228
70 74 470
71 72 435
72 73 417
73 74 440
