30
8 7 8 26 22 1 2
7 6 6 57 70 2 4 3
9 11 8 61 53 3 4 5 0
7 2 5 62 50 2 6 2
2 5 9 49 66 3 2 7 2
8 8 7 46 41 3 7 8 1
15 7 9 4 9 2 3 7
4 7 8 31 51 2 5 2
7 12 8 48 23 1 8
7 5 8 58 63 3 4 2 6
6 6 6 70 60 3 7 6 8
5 17 4 21 69 2 2 1
7 4 4 60 41 2 3 2
3 4 5 33 49 1 3
11 5 4 4 45 1 9
10 2 10 44 45 3 5 6 9
10 11 6 33 46 2 9 6
4 16 5 69 61 3 0 8 0
15 1 5 67 71 2 6 1
3 3 2 41 1 1 1
5 2 3 22 63 3 3 4 6
8 3 8 36 72 2 8 1
16 2 10 19 67 1 0
13 3 2 46 36 3 4 1 6
10 13 5 14 55 3 8 2 5
1 12 7 63 49 1 4
2 2 3 22 57 2 3 0
8 13 3 46 23 3 0 5 4
6 7 8 5 72 1 5
8 7 6 74 5 2 3 6
