10 2
104
40 263 -1
17 448 -1
33 392 -1
46 284 -1
65 357 -1
75 290 -1
3 293 -1
9 448 -1
15 394 -1
32 297 -1
20 387 -1
29 451 -1
35 203 -1
49 299 -1
54 258 -1
62 239 -1
67 282 -1
68 263 -1
69 351 -1
74 387 -1
79 288 -1
86 342 -1
81 327 -1
83 439 -1
84 459 -1
85 468 -1
101 394 -1
87 328 -1
94 221 -1
0 478 -1
4 387 -1
1 456 -1
2 323 -1
8 498 -1
6 255 -1
5 384 -1
19 272 -1
11 485 -1
7 298 -1
12 306 -1
13 378 -1
10 334 -1
16 403 -1
14 345 -1
22 273 -1
24 300 -1
18 436 -1
23 332 -1
28 375 -1
25 355 -1
21 234 -1
26 256 -1
30 468 -1
31 311 -1
37 424 -1
41 235 -1
43 349 -1
34 330 -1
45 410 -1
48 428 -1
36 432 -1
50 369 -1
53 443 -1
56 443 -1
52 430 -1
61 433 -1
55 413 -1
57 241 -1
58 429 -1
59 435 -1
60 295 -1
64 450 -1
63 325 6170 1662 1376 1188 1947 1959 1765 1682 1975 1559 1631
66 252 6032 1119 1746 1646 1212 1840 1714 1138 1900 1151 1818
78 250 5684 1889 1624 1487 1218 1335 1050 1730 1944 1720 1069
77 279 9289 1529 1448 1379 1119 1803 1629 1669 1922 1660 1190
80 405 9770 1219 1935 1069 1907 1182 1912 1182 1712 1201 1735
70 466 7556 1668 1325 1837 1257 1542 1785 1471 1213 1291 1074
76 409 9809 1627 1112 1955 1279 1657 1547 1116 1032 1368 1046
71 266 7576 1111 1875 1764 1736 1450 1150 1000 1860 1340 1526
72 368 8740 1968 1951 1043 1719 1254 1096 1046 1421 1779 1097
73 284 9231 1189 1521 1171 1662 1835 1910 1968 1518 1667 1900
82 351 7655 1521 1156 1410 1413 1873 1963 1693 1733 1547 1443
88 259 6671 1668 1614 1355 1103 1142 1652 1274 1608 1757 1505
93 252 6539 1145 1424 1382 1377 1487 1851 1127 1817 1641 1679
98 498 9292 1040 1516 1081 1396 1357 1505 1164 1596 1840 1991
100 259 6523 1291 1191 1283 1157 1824 1321 1334 1069 1356 1374
96 484 5206 1654 1543 1594 1473 1482 1375 1959 1045 1426 1689
97 257 9096 1555 1494 1114 1451 1438 1289 1499 1698 1997 1298
99 325 5861 1875 1127 1129 1781 1423 1583 1080 1325 1839 1870
102 371 9188 1971 1307 1609 1989 1770 1396 1300 1995 1464 1775
27 460 7522 1478 1599 1612 1341 1985 1203 1445 1862 1371 1255
38 208 7954 1221 1498 1885 1082 1254 1531 1401 1033 1947 1974
39 401 9198 1739 1305 1884 1824 1122 1467 1868 1389 1537 1411
44 360 8355 1613 1214 1617 1915 1073 1093 1930 1137 1413 1702
42 207 6852 1347 1201 1323 1475 1680 1400 1161 1468 1698 1093
47 224 9757 1606 1270 1043 1830 1059 1609 1545 1994 1822 1944
51 413 7798 1717 1441 1984 1441 1054 1788 1792 1088 1570 1695
91 477 6449 1151 1034 1722 1806 1344 1559 1423 1195 1407 1561
90 372 7758 1997 1016 1509 1321 1546 1307 1550 1374 1730 1823
89 398 7040 1034 1294 1723 1645 1493 1855 1749 1284 1159 1345
92 480 8906 1403 1178 1344 1631 1479 1835 1466 1485 1664 1673
95 224 7038 1830 1607 1123 1905 1218 1077 1921 1180 1169 1880
103 461 9677 1406 1269 1108 1648 1773 1119 1897 1817 1284 1499
116
0 4 461
0 3 325
1 2 426
1 8 217
2 3 265
3 9 297
4 6 443
5 19 211
5 15 223
6 11 249
7 8 460
7 12 265
9 13 228
9 17 309
10 15 333
10 16 255
11 14 350
12 17 274
13 32 237
14 22 454
15 20 313
16 24 423
17 18 468
17 23 247
18 27 473
19 28 498
20 25 305
20 33 391
21 26 443
21 30 351
22 31 437
23 29 234
24 25 480
26 35 436
28 40 488
29 35 322
29 38 285
30 37 478
31 32 270
32 39 288
33 41 281
33 43 405
33 44 320
34 45 400
34 48 356
35 36 239
36 40 489
37 40 230
40 41 314
40 43 355
40 46 363
42 49 376
45 65 344
46 47 381
46 49 395
46 50 204
48 53 463
49 56 226
50 52 386
51 61 418
52 55 244
53 54 480
54 65 244
54 57 305
55 58 227
56 75 288
57 59 290
58 60 360
59 64 337
60 62 390
61 65 214
62 65 222
62 67 278
63 67 368
63 68 328
64 69 462
66 68 253
66 78 317
67 74 305
68 77 435
69 79 403
69 80 452
70 86 380
70 76 272
71 74 284
71 81 399
72 75 224
72 73 430
73 77 395
74 83 301
75 91 450
75 78 476
76 79 322
79 86 320
80 81 421
81 82 337
82 84 423
83 84 295
83 85 387
84 88 247
85 101 395
85 87 408
86 93 489
87 90 353
87 94 471
88 89 250
92 93 447
94 98 201
94 100 348
95 96 495
96 97 327
97 99 370
98 102 217
99 100 253
101 103 265
101 102 261
