30
4 1 8 19 34 1 3
6 7 5 7 26 3 0 6 9
2 5 6 30 65 1 9
2 4 1 83 2 2 1 5
8 10 10 45 67 1 8
3 13 7 60 54 3 9 5 4
4 8 1 64 74 2 9 0
10 7 4 85 86 1 2
4 10 4 0 14 2 0 2
6 7 5 12 23 1 3
2 5 4 79 1 2 5 2
13 4 4 65 23 2 5 4
5 4 4 57 62 2 0 1
7 5 9 25 49 3 8 4 8
4 5 9 37 81 3 7 3 9
5 6 11 3 24 3 8 9 3
6 3 5 79 45 1 2
1 2 12 19 1 3 9 1 0
8 16 16 60 86 2 1 7
8 5 9 1 40 1 1
3 12 1 2 4 2 8 5
10 5 5 48 52 1 0
2 6 5 53 60 1 3
6 5 11 26 68 1 1
7 11 7 83 10 2 0 1
1 1 2 3 16 1 2
4 8 1 29 56 3 5 0 9
6 15 3 16 74 2 4 9
10 5 4 15 59 2 2 7
10 9 3 32 62 1 5
