10 1
75
24 427 -1
13 232 -1
3 327 -1
11 446 -1
16 494 -1
18 313 -1
17 446 -1
40 393 -1
56 234 -1
0 406 -1
6 214 -1
8 466 -1
15 240 -1
12 258 -1
25 259 -1
29 485 -1
27 205 -1
28 203 -1
32 373 -1
34 244 -1
39 432 -1
38 320 -1
37 420 -1
42 378 -1
41 416 -1
46 443 -1
61 279 -1
49 429 -1
48 254 -1
54 429 -1
65 204 -1
62 493 -1
58 428 -1
64 399 -1
66 305 -1
68 212 -1
67 402 -1
69 245 -1
2 248 -1
5 266 -1
1 458 -1
4 408 -1
9 489 -1
7 470 -1
10 311 -1
14 308 -1
19 447 -1
20 455 -1
21 423 -1
22 454 -1
23 379 -1
26 435 -1
30 216 5152 1078 1753 1647 1951 1051 1831 1192 1523 1596 1823
31 424 5325 1185 1137 1126 1368 1584 1140 1999 1467 1436 1973
36 400 5959 1988 1250 1097 1017 1356 1037 1973 1781 1478 1547
33 392 6173 1986 1968 1951 1696 1041 1539 1303 1491 1140 1872
35 279 9505 1031 1302 1835 1543 1190 1088 1339 1137 1175 1181
43 385 9009 1452 1650 1857 1833 1541 1608 1373 1625 1115 1147
45 331 8708 1292 1996 1275 1367 1616 1096 1767 1713 1594 1611
51 411 9832 1755 1293 1787 1105 1378 1645 1158 1275 1174 1989
47 256 5828 1874 1862 1099 1910 1984 1168 1288 1216 1452 1476
44 459 5980 1551 1870 1943 1786 1206 1619 1178 1213 1687 1507
52 464 8245 1205 1883 1381 1720 1948 1713 1636 1643 1695 1931
57 370 8161 1578 1272 1087 1338 1048 1361 1311 1009 1711 1825
55 316 7129 1377 1571 1650 1172 1196 1816 1485 1972 1380 1611
50 423 8903 1836 1359 1401 1833 1312 1418 1607 1801 1193 1481
53 356 9390 1615 1327 1491 1099 1841 1039 1509 1677 1898 1751
59 259 6728 1790 1670 1738 1875 1176 1517 1425 1210 1758 1127
60 321 7802 1176 1339 1420 1265 1752 1605 1592 1500 1174 1846
63 446 9123 1797 1372 1023 1503 1231 1012 1532 1255 1204 1059
70 477 5284 1775 1048 1273 1530 1569 1131 1422 1789 1072 1535
71 375 9428 1495 1375 1771 1496 1042 1926 1333 1139 1785 1936
74 430 5551 1125 1522 1267 1407 1774 1521 1498 1508 1814 1275
72 347 7955 1032 1312 1567 1333 1703 1570 1140 1982 1648 1415
73 475 6585 1318 1577 1331 1802 1939 1229 1799 1522 1872 1326
99
0 2 390
0 5 425
0 13 307
1 3 368
1 4 431
2 9 330
3 5 205
3 13 412
3 6 299
4 7 325
6 11 377
6 8 352
7 8 286
8 10 250
9 15 253
10 12 392
11 13 283
11 12 268
11 16 450
12 14 271
13 18 334
14 17 490
15 18 482
15 19 489
16 18 492
16 17 417
16 24 208
17 20 420
17 21 436
18 25 386
19 29 257
20 24 351
21 22 286
22 27 457
23 24 442
23 26 287
24 27 294
24 30 374
25 29 262
25 28 480
26 28 374
27 31 466
28 32 276
29 36 307
30 33 232
31 34 442
32 35 229
32 40 488
33 39 377
34 38 433
34 43 479
35 37 329
36 37 354
37 45 489
38 39 233
38 42 289
39 40 301
40 41 292
40 56 346
41 46 477
41 61 341
42 51 291
42 49 273
43 47 251
44 48 278
44 45 401
46 48 401
46 54 339
47 52 241
48 57 340
49 55 480
49 50 463
50 53 331
51 56 429
52 53 352
54 65 477
54 62 452
55 58 499
56 59 247
56 58 225
57 60 493
58 63 450
59 61 376
60 64 380
61 62 420
62 66 208
63 66 200
64 70 324
64 65 335
65 68 472
66 67 278
67 68 462
67 69 327
68 69 220
69 71 289
70 74 207
71 72 453
72 73 289
73 74 351
