30
12 0 2 64 62 3 5 6 1
10 4 12 29 1 3 4 0 4
5 14 13 61 26 3 3 0 3
3 3 7 49 14 2 3 1
8 5 7 24 27 1 6
17 1 13 17 8 2 4 8
3 5 3 49 15 2 2 1
2 9 7 16 2 2 5 4
11 3 5 0 4 3 9 0 2
8 3 9 39 34 1 8
6 1 2 49 28 1 2
3 7 9 21 56 1 2
5 2 11 4 65 2 4 6
6 3 1 7 13 1 5
2 3 11 28 14 1 0
0 3 6 46 42 3 8 1 7
2 2 5 67 7 2 6 9
3 6 2 61 8 3 1 6 5
3 3 4 49 16 2 9 3
7 1 4 34 48 3 0 6 1
9 7 11 39 1 1 4
8 2 4 22 65 3 8 6 5
2 12 7 48 68 3 0 9 6
9 7 3 15 0 2 2 9
6 4 5 37 21 3 6 0 1
5 3 5 19 32 1 1
13 6 8 46 66 2 6 5
13 3 1 38 4 3 2 5 2
0 5 7 39 26 3 3 5 1
3 7 11 56 25 2 0 6
