30
3 11 6 6 5 1 1
4 11 2 0 12 2 1 0
5 5 5 10 5 2 0 1
13 12 2 2 1 1 2
1 6 3 0 3 2 0 3
8 5 7 10 7 1 3
1 8 6 0 2 3 3 0 2
3 8 4 0 2 3 4 2 0
5 9 3 2 1 1 4
12 2 4 0 10 3 2 3 0
5 9 8 10 4 3 1 0 1
8 8 7 10 7 3 4 3 1
5 7 8 0 4 2 3 0
9 3 9 4 7 3 4 0 3
2 4 2 0 10 3 4 1 2
11 18 21 7 4 1 3
11 2 6 6 10 1 2
4 4 3 5 12 2 4 1
2 8 5 3 6 2 3 1
3 8 3 1 12 2 0 2
9 5 5 1 2 2 3 0
4 3 4 1 6 3 1 4 0
9 3 3 3 0 2 1 4
3 3 4 5 12 2 0 1
10 2 6 1 5 3 4 0 4
2 8 9 4 5 1 0
4 2 5 0 12 2 4 1
3 3 3 2 12 1 0
14 4 3 6 0 1 2
5 2 3 2 1 1 0
