10 3
75
24 229 8543 1697 1151 1987 1116 1523 1279 1677 1625 1117 1581
13 451 6344 1918 1020 1922 1310 1664 1735 1577 1190 1527 1864
3 481 9168 1854 1870 1050 1445 1277 1311 1041 1137 1037 1084
11 348 9892 1783 1884 1711 1338 1856 1958 1982 1888 1861 1074
16 458 9645 1949 1326 1242 1989 1361 1432 1875 1338 1955 1587
18 212 9396 1945 1190 1727 1661 1244 1769 1275 1329 1379 1799
17 399 8473 1687 1032 1586 1471 1594 1152 1162 1048 1087 1335
40 492 -1
56 249 -1
0 349 -1
6 302 -1
8 305 -1
15 240 -1
12 494 -1
25 490 -1
29 297 -1
27 319 -1
28 456 -1
32 272 -1
34 463 -1
39 412 -1
38 442 -1
37 285 -1
42 414 -1
41 342 -1
46 341 -1
61 367 -1
49 439 -1
48 310 -1
54 403 -1
65 248 -1
62 444 -1
58 305 -1
64 247 -1
66 208 -1
68 338 -1
67 321 -1
69 478 -1
2 318 -1
5 313 -1
1 388 -1
4 299 -1
9 211 -1
7 392 -1
10 307 -1
14 406 -1
19 484 -1
20 463 -1
21 454 -1
22 346 -1
23 242 -1
26 305 -1
30 276 -1
31 337 -1
36 484 -1
33 341 -1
35 383 -1
43 410 -1
45 452 -1
51 416 -1
47 480 -1
44 431 -1
52 399 -1
57 226 -1
55 494 -1
50 281 -1
53 479 -1
59 470 -1
60 436 -1
63 388 -1
70 309 -1
71 261 -1
74 201 -1
72 438 -1
73 317 -1
99
0 2 256
0 5 444
0 13 492
1 3 220
1 4 329
2 9 403
3 5 299
3 13 330
3 6 387
4 7 245
6 11 415
6 8 277
7 8 370
8 10 224
9 15 477
10 12 299
11 13 250
11 12 284
11 16 436
12 14 268
13 18 263
14 17 420
15 18 261
15 19 297
16 18 323
16 17 216
16 24 387
17 20 362
17 21 244
18 25 345
19 29 365
20 24 439
21 22 344
22 27 273
23 24 462
23 26 275
24 27 261
24 30 366
25 29 477
25 28 466
26 28 337
27 31 470
28 32 492
29 36 378
30 33 418
31 34 290
32 35 264
32 40 363
33 39 432
34 38 282
34 43 283
35 37 397
36 37 343
37 45 276
38 39 431
38 42 389
39 40 325
40 41 448
40 56 351
41 46 447
41 61 488
42 51 265
42 49 251
43 47 310
44 48 240
44 45 420
46 48 200
46 54 416
47 52 201
48 57 206
49 55 405
49 50 327
50 53 460
51 56 221
52 53 300
54 65 400
54 62 343
55 58 440
56 59 245
56 58 489
57 60 400
58 63 279
59 61 495
60 64 209
61 62 201
62 66 216
63 66 397
64 70 497
64 65 496
65 68 447
66 67 411
67 68 242
67 69 421
68 69 305
69 71 261
70 74 282
71 72 496
72 73 359
73 74 442
