30
4 9 4 20 42 3 2 1 7
8 7 6 23 53 3 5 9 2
8 6 8 2 61 3 8 3 1
9 2 5 33 64 2 4 2
3 14 4 72 8 3 9 2 3
5 9 3 44 8 2 5 4
2 6 6 45 69 3 7 0 3
2 3 5 31 61 1 5
4 3 6 47 6 2 8 5
13 2 10 53 32 1 5
16 5 7 4 15 1 4
11 5 8 34 55 1 0
9 3 2 48 61 2 8 7
5 8 5 22 14 3 6 2 5
2 4 1 61 71 2 1 9
2 12 2 1 34 2 0 3
3 5 9 32 53 3 2 4 9
10 8 8 63 29 1 6
5 1 3 30 74 3 0 1 5
4 2 10 73 27 1 0
5 6 3 26 12 1 3
5 7 5 4 0 1 8
5 8 7 54 41 2 0 4
4 6 2 49 20 1 7
9 7 6 30 0 2 0 5
3 4 2 45 25 1 2
4 15 2 38 14 3 0 4 7
3 5 5 8 63 3 0 1 6
3 6 1 67 9 3 6 2 5
5 7 5 71 45 2 1 6
