30
3 1 1 1 4 2 2 0
2 4 7 2 10 2 0 4
1 2 8 4 0 1 3
5 4 2 2 0 1 1
7 16 7 4 5 2 2 3
10 5 12 7 5 2 1 0
3 5 5 7 8 2 2 4
7 3 5 3 5 3 4 1 3
5 4 1 7 5 1 4
2 1 6 8 1 2 4 3
6 8 3 5 3 1 2
11 8 19 5 8 2 2 3
1 4 4 4 1 1 3
7 1 15 5 7 1 0
16 3 4 5 1 1 1
2 7 12 8 3 3 2 0 3
5 5 6 7 2 1 3
9 8 3 0 1 1 3
7 6 6 8 0 3 1 4 1
5 5 5 4 2 2 1 4
4 10 4 4 3 1 1
4 8 9 10 2 3 4 0 2
5 4 2 3 0 2 3 0
5 6 12 4 8 2 1 2
4 7 9 4 0 2 3 4
4 13 9 10 5 2 4 3
3 8 4 0 5 2 2 4
2 2 3 0 3 1 0
9 5 8 3 10 2 4 0
3 2 6 0 5 3 3 2 0
