30
4 3 2 0 10 1 4
3 10 8 1 13 2 4 3
9 5 2 9 8 1 4
3 6 5 3 6 3 0 1 4
4 3 9 6 4 2 2 4
7 8 7 10 9 2 3 1
6 4 8 10 0 2 1 4
8 10 1 9 4 3 3 4 3
4 13 7 4 2 3 2 0 2
7 7 6 2 10 2 2 0
9 4 7 9 1 1 1
3 9 0 4 6 2 4 3
7 3 7 3 2 3 4 1 0
4 0 8 9 8 1 4
4 3 5 3 6 3 4 2 3
2 9 9 2 3 2 1 2
9 3 9 4 13 1 0
10 15 6 10 2 2 1 3
5 5 8 12 8 2 2 4
5 2 2 10 1 3 3 4 3
5 7 4 11 3 2 2 0
7 7 6 1 13 1 3
10 7 4 4 9 2 2 1
4 10 8 11 9 1 3
3 7 1 3 10 2 0 4
6 8 9 11 0 3 0 4 2
3 4 8 0 10 1 2
4 5 9 10 12 2 3 4
4 6 5 1 9 1 4
6 3 4 0 13 1 3
