30
8 5 7 0 8 2 2 0
2 3 8 12 2 1 3
6 4 5 3 6 3 1 3 4
1 11 5 6 9 1 3
2 3 4 0 3 2 3 0
14 7 8 6 5 3 4 2 1
3 7 4 0 2 2 0 3
5 5 9 2 3 2 1 0
8 9 4 8 3 3 1 2 4
6 12 3 9 5 3 3 2 0
22 6 8 5 6 2 1 3
2 15 3 9 6 1 2
1 2 6 9 2 3 2 1 2
7 1 5 1 2 2 2 3
3 8 10 5 8 2 1 3
3 9 0 12 2 2 1 2
11 2 2 2 3 1 0
12 4 1 9 5 1 4
7 6 1 8 0 3 4 3 4
3 9 2 5 9 3 0 1 3
13 5 7 1 6 2 3 2
5 2 7 3 9 3 4 0 3
6 4 6 1 2 3 1 0 2
8 6 4 9 2 3 1 3 4
7 7 0 6 3 2 4 0
11 3 4 1 12 2 4 0
6 2 8 8 9 1 0
16 3 1 0 6 1 0
1 11 5 5 1 2 2 4
8 3 4 3 1 2 2 4
