10 1
75
24 301 -1
13 258 -1
3 248 -1
11 494 -1
16 295 6934 1083 1724 1772 1689 1572 1814 1159 1315 1145 1323
18 378 7436 1727 1512 1348 1443 1224 1942 1355 1794 1945 1154
17 446 6446 1765 1804 1492 1926 1634 1985 1005 1651 1779 1243
40 242 -1
56 498 -1
0 317 -1
6 399 -1
8 343 -1
15 261 -1
12 384 -1
25 401 -1
29 381 5435 1194 1403 1773 1322 1237 1640 1224 1478 1747 1697
27 297 -1
28 311 -1
32 302 -1
34 443 5078 1340 1229 1017 1319 1123 1988 1291 1203 1009 1278
39 490 9518 1890 1385 1588 1522 1526 1115 1943 1303 1996 1016
38 279 5222 1946 1725 1774 1090 1492 1275 1274 1252 1137 1537
37 280 -1
42 467 -1
41 380 -1
46 256 -1
61 257 7318 1679 1775 1445 1638 1970 1662 1350 1215 1718 1576
49 250 -1
48 271 -1
54 331 -1
65 248 -1
62 480 6690 1515 1267 1249 1116 1450 1551 1849 1192 1534 1842
58 368 9459 1464 1682 1972 1254 1964 1877 1648 1138 1857 1880
64 411 -1
66 428 -1
68 407 -1
67 379 -1
69 463 -1
2 303 -1
5 327 -1
1 207 -1
4 233 9284 1513 1736 1010 1315 1160 1173 1560 1459 1821 1984
9 455 -1
7 445 7150 1135 1634 1030 1564 1109 1568 1870 1434 1436 1742
10 246 -1
14 343 6318 1404 1086 1779 1276 1397 1891 1764 1883 1820 1737
19 261 -1
20 327 8663 1869 1079 1355 1132 1299 1671 1556 1616 1745 1736
21 269 7784 1195 1099 1071 1200 1951 1900 1272 1373 1337 1489
22 324 8949 1602 1384 1083 1420 1212 1876 1080 1534 1219 1304
23 454 -1
26 203 -1
30 481 -1
31 418 -1
36 213 8790 1525 1828 1311 1403 1767 1486 1392 1754 1505 1031
33 276 -1
35 464 -1
43 305 -1
45 394 -1
51 281 5162 1654 1178 1353 1332 1407 1030 1238 1637 1248 1524
47 353 -1
44 310 -1
52 406 7784 1840 1340 1668 1516 1334 1302 1682 1977 1355 1695
57 360 -1
55 290 9658 1656 1100 1268 1708 1593 1712 1994 1427 1509 1286
50 458 -1
53 401 5156 1675 1470 1729 1052 1454 1434 1081 1620 1012 1746
59 279 -1
60 227 -1
63 289 -1
70 449 -1
71 268 -1
74 281 9775 1166 1246 1013 1117 1185 1906 1941 1892 1541 1374
72 355 -1
73 238 -1
99
0 2 373
0 5 271
0 13 405
1 3 243
1 4 242
2 9 203
3 5 221
3 13 315
3 6 228
4 7 223
6 11 391
6 8 305
7 8 332
8 10 320
9 15 229
10 12 406
11 13 215
11 12 217
11 16 456
12 14 226
13 18 345
14 17 485
15 18 285
15 19 463
16 18 369
16 17 308
16 24 403
17 20 467
17 21 292
18 25 236
19 29 452
20 24 350
21 22 422
22 27 360
23 24 271
23 26 242
24 27 227
24 30 372
25 29 387
25 28 201
26 28 476
27 31 347
28 32 494
29 36 225
30 33 432
31 34 424
32 35 396
32 40 291
33 39 328
34 38 268
34 43 301
35 37 424
36 37 375
37 45 380
38 39 491
38 42 380
39 40 237
40 41 420
40 56 359
41 46 494
41 61 225
42 51 254
42 49 210
43 47 356
44 48 404
44 45 493
46 48 364
46 54 264
47 52 308
48 57 203
49 55 201
49 50 240
50 53 438
51 56 319
52 53 391
54 65 413
54 62 388
55 58 314
56 59 424
56 58 445
57 60 300
58 63 250
59 61 464
60 64 276
61 62 328
62 66 415
63 66 430
64 70 477
64 65 364
65 68 495
66 67 226
67 68 370
67 69 253
68 69 434
69 71 426
70 74 225
71 72 396
72 73 201
73 74 374
