30
2 18 11 35 43 2 5 1
3 12 10 32 2 2 7 5
4 5 15 12 41 2 4 5
1 6 6 66 37 3 9 0 8
5 4 9 50 33 1 2
15 10 12 10 24 1 3
12 4 17 67 60 2 9 6
5 7 10 72 43 3 7 8 9
4 6 9 42 19 2 3 6
17 13 9 54 42 3 7 9 7
4 7 6 15 59 2 9 2
6 14 12 60 11 2 1 8
6 6 9 46 69 3 6 7 6
3 6 10 59 30 3 6 7 5
5 10 8 33 35 2 6 4
2 10 5 23 63 3 6 0 3
5 7 4 24 2 3 0 8 2
6 9 9 23 8 2 6 8
3 5 13 27 56 2 7 1
4 4 10 8 19 1 9
4 7 4 23 12 1 2
5 10 4 44 33 3 8 7 8
6 2 4 67 60 1 6
7 13 3 63 67 2 5 2
6 3 3 73 1 2 9 5
3 8 4 31 3 3 6 2 9
5 11 5 48 33 3 9 5 3
8 3 12 10 63 3 1 9 6
9 11 8 72 25 3 8 7 2
7 4 8 41 33 3 2 6 1
