10 2
75
24 213 6000 1707 1266 1530 1890 1814 1151 1363 1524 1677 1346
13 279 5888 1115 1603 1460 1179 1861 1592 1284 1755 1702 1594
3 478 7993 1640 1739 1485 1428 1116 1852 1386 1763 1398 1615
11 283 6574 1243 1532 1903 1697 1882 1963 1645 1914 1228 1381
16 386 7636 1047 1623 1902 1729 1314 1371 1407 1471 1606 1215
18 320 7429 1728 1212 1849 1341 1122 1844 1280 1860 1967 1640
17 255 7680 1055 1657 1930 1546 1644 1330 1018 1950 1832 1419
40 279 7013 1607 1839 1032 1018 1711 1500 1359 1973 1083 1124
56 281 6972 1910 1417 1080 1835 1840 1254 1628 1446 1485 1204
0 257 5945 1063 1661 1013 1004 1148 1310 1797 1523 1498 1874
6 372 9692 1946 1269 1035 1318 1868 1092 1356 1179 1790 1393
8 421 8672 1086 1812 1003 1500 1659 1856 1347 1551 1242 1389
15 451 5455 1737 1282 1938 1252 1035 1819 1675 1836 1709 1380
12 361 9363 1525 1991 1207 1833 1217 1443 1042 1941 1041 1642
25 251 9912 1423 1862 1381 1738 1718 1578 1474 1636 1976 1392
29 412 8041 1749 1171 1910 1622 1237 1040 1198 1190 1811 1048
27 236 6374 1677 1776 1182 1417 1530 1051 1749 1475 1030 1400
28 482 7636 1348 1768 1167 1479 1654 1878 1133 1002 1413 1400
32 308 8858 1439 1311 1570 1043 1899 1851 1292 1041 1062 1833
34 449 8080 1111 1835 1759 1659 1265 1432 1449 1010 1271 1832
39 387 6678 1508 1740 1300 1402 1386 1455 1094 1626 1822 1196
38 215 9016 1258 1824 1740 1895 1649 1186 1683 1196 1833 1448
37 499 -1
42 207 -1
41 305 -1
46 491 -1
61 276 -1
49 218 -1
48 394 -1
54 289 -1
65 434 -1
62 358 -1
58 374 -1
64 380 -1
66 495 -1
68 318 -1
67 252 -1
69 264 -1
2 492 -1
5 237 -1
1 252 -1
4 279 -1
9 480 -1
7 452 -1
10 363 -1
14 474 -1
19 342 -1
20 227 -1
21 216 -1
22 455 -1
23 265 -1
26 469 -1
30 437 -1
31 432 -1
36 260 -1
33 344 -1
35 270 -1
43 445 -1
45 228 -1
51 449 -1
47 221 -1
44 376 -1
52 460 -1
57 434 -1
55 331 -1
50 447 -1
53 247 -1
59 337 -1
60 388 -1
63 417 -1
70 350 -1
71 329 -1
74 299 -1
72 220 -1
73 283 -1
99
0 2 429
0 5 423
0 13 360
1 3 405
1 4 451
2 9 327
3 5 233
3 13 402
3 6 474
4 7 383
6 11 442
6 8 312
7 8 237
8 10 496
9 15 304
10 12 386
11 13 275
11 12 370
11 16 308
12 14 400
13 18 357
14 17 319
15 18 429
15 19 499
16 18 292
16 17 483
16 24 385
17 20 291
17 21 379
18 25 453
19 29 323
20 24 435
21 22 441
22 27 277
23 24 363
23 26 400
24 27 479
24 30 303
25 29 222
25 28 219
26 28 398
27 31 454
28 32 419
29 36 438
30 33 454
31 34 411
32 35 374
32 40 382
33 39 452
34 38 236
34 43 490
35 37 234
36 37 426
37 45 331
38 39 335
38 42 445
39 40 437
40 41 387
40 56 321
41 46 476
41 61 421
42 51 488
42 49 299
43 47 264
44 48 440
44 45 299
46 48 466
46 54 240
47 52 489
48 57 474
49 55 441
49 50 277
50 53 463
51 56 477
52 53 455
54 65 257
54 62 447
55 58 345
56 59 392
56 58 396
57 60 283
58 63 461
59 61 289
60 64 379
61 62 258
62 66 423
63 66 417
64 70 211
64 65 257
65 68 244
66 67 245
67 68 248
67 69 455
68 69 320
69 71 343
70 74 219
71 72 348
72 73 426
73 74 307
