30
1 0 5 55 63 1 8
6 5 3 71 69 2 1 8
8 4 15 49 59 3 4 2 4
8 2 10 62 21 1 7
3 3 2 23 73 1 5
3 8 2 46 21 3 3 2 8
7 2 6 9 22 3 8 3 7
2 5 0 73 1 3 3 5 2
14 4 3 21 47 3 2 3 1
9 12 5 41 1 3 7 0 6
0 8 11 4 63 3 7 1 8
1 2 6 44 21 2 5 3
5 5 5 60 45 1 8
7 9 7 45 9 1 8
6 2 0 63 26 1 2
4 12 10 33 26 2 0 7
5 8 9 46 74 3 4 6 0
4 2 4 22 70 3 9 2 4
6 15 8 65 50 2 9 0
5 19 5 62 58 1 4
10 5 3 74 19 2 8 2
6 7 8 71 57 2 7 2
7 4 9 58 60 3 7 2 8
5 0 0 66 52 3 4 3 9
7 10 7 35 44 1 3
5 1 6 52 60 1 9
3 8 5 67 73 3 6 3 5
5 2 4 47 31 2 9 0
6 9 13 21 19 1 6
5 4 5 69 60 2 4 7
