10 4
75
24 463 6016 1409 1342 1509 1409 1368 1322 1691 1463 1783 1239
13 386 6335 1896 1405 1326 1008 1166 1876 1127 1941 1247 1008
3 286 8123 1077 1982 1920 1505 1635 1542 1516 1283 1607 1432
11 445 9116 1883 1349 1534 1688 1616 1956 1395 1389 1014 1058
16 236 9094 1723 1539 1806 1227 1206 1003 1695 1984 1569 1826
18 464 5655 1383 1116 1553 1568 1531 1058 1848 1943 1399 1096
17 235 8997 1579 1172 1976 1132 1879 1819 1709 1127 1337 1594
40 425 -1
56 288 -1
0 274 -1
6 454 -1
8 325 -1
15 311 -1
12 226 -1
25 499 -1
29 478 -1
27 377 -1
28 344 -1
32 306 -1
34 406 -1
39 455 -1
38 417 -1
37 449 -1
42 349 -1
41 473 -1
46 250 -1
61 209 -1
49 450 -1
48 215 -1
54 472 -1
65 318 -1
62 368 -1
58 207 -1
64 434 -1
66 434 -1
68 429 -1
67 431 -1
69 264 -1
2 463 -1
5 271 -1
1 468 -1
4 208 -1
9 453 -1
7 301 -1
10 255 -1
14 214 -1
19 270 -1
20 413 -1
21 283 -1
22 265 -1
23 429 -1
26 463 -1
30 392 -1
31 244 -1
36 253 -1
33 311 -1
35 227 -1
43 371 -1
45 222 -1
51 443 -1
47 246 -1
44 243 -1
52 232 -1
57 491 -1
55 309 -1
50 274 -1
53 350 -1
59 259 -1
60 497 -1
63 460 -1
70 426 -1
71 372 -1
74 391 -1
72 207 -1
73 272 -1
99
0 2 239
0 5 353
0 13 459
1 3 359
1 4 325
2 9 328
3 5 313
3 13 432
3 6 295
4 7 429
6 11 354
6 8 324
7 8 388
8 10 383
9 15 409
10 12 242
11 13 229
11 12 437
11 16 413
12 14 475
13 18 351
14 17 317
15 18 488
15 19 369
16 18 320
16 17 216
16 24 339
17 20 491
17 21 469
18 25 377
19 29 270
20 24 415
21 22 450
22 27 350
23 24 289
23 26 354
24 27 330
24 30 340
25 29 366
25 28 336
26 28 314
27 31 375
28 32 487
29 36 464
30 33 253
31 34 469
32 35 275
32 40 261
33 39 258
34 38 220
34 43 289
35 37 308
36 37 408
37 45 268
38 39 202
38 42 247
39 40 453
40 41 480
40 56 293
41 46 377
41 61 372
42 51 239
42 49 455
43 47 295
44 48 408
44 45 409
46 48 407
46 54 219
47 52 283
48 57 248
49 55 224
49 50 219
50 53 267
51 56 209
52 53 293
54 65 262
54 62 205
55 58 292
56 59 361
56 58 251
57 60 466
58 63 447
59 61 407
60 64 351
61 62 440
62 66 394
63 66 241
64 70 463
64 65 364
65 68 425
66 67 206
67 68 480
67 69 467
68 69 265
69 71 399
70 74 333
71 72 274
72 73 391
73 74 243
