30
6 9 6 58 33 1 6
4 7 10 47 29 1 7
3 4 3 22 14 3 0 4 2
7 2 2 15 35 3 7 4 7
12 12 5 22 4 2 1 2
5 7 4 6 74 2 7 8
3 6 7 48 21 2 4 8
9 3 3 8 23 3 2 4 6
1 4 2 8 67 1 6
5 2 10 50 56 1 3
6 11 18 71 26 2 4 7
7 2 9 9 46 3 1 2 0
2 11 6 1 28 1 9
9 10 10 33 12 3 6 3 0
8 7 6 28 14 2 7 5
21 7 9 44 73 3 7 9 0
6 4 2 39 32 2 5 3
5 4 2 50 66 1 9
3 2 6 34 72 2 7 8
12 14 4 74 8 3 2 4 0
1 6 8 44 67 1 4
9 7 7 26 8 3 8 0 8
5 6 4 48 42 2 2 0
2 4 3 40 20 2 5 0
0 7 5 32 69 1 8
4 12 4 57 31 2 3 2
12 5 3 72 39 3 4 5 8
6 8 6 29 26 2 0 8
8 1 4 5 1 1 8
5 7 4 70 30 2 9 2
