10 1
104
40 232 -1
17 234 -1
33 294 -1
46 295 -1
65 413 -1
75 288 -1
3 477 -1
9 371 -1
15 422 -1
32 232 -1
20 309 -1
29 204 -1
35 231 -1
49 340 -1
54 479 -1
62 275 -1
67 315 -1
68 296 -1
69 223 -1
74 314 -1
79 454 -1
86 379 -1
81 442 -1
83 399 -1
84 297 -1
85 224 -1
101 279 -1
87 339 -1
94 488 -1
0 416 -1
4 247 -1
1 218 -1
2 469 -1
8 288 -1
6 367 -1
5 378 -1
19 257 -1
11 208 -1
7 206 -1
12 254 -1
13 291 -1
10 235 -1
16 447 -1
14 417 -1
22 341 -1
24 243 -1
18 201 -1
23 350 -1
28 367 -1
25 395 -1
21 348 -1
26 246 -1
30 222 -1
31 362 -1
37 347 -1
41 484 -1
43 341 -1
34 261 -1
45 279 -1
48 270 -1
36 341 -1
50 456 -1
53 226 -1
56 386 -1
52 296 -1
61 283 -1
55 476 -1
57 204 -1
58 255 -1
59 362 -1
60 368 -1
64 356 -1
63 309 5909 1502 1458 1069 1479 1884 1459 1262 1534 1560 1380
66 329 9126 1905 1888 1449 1763 1151 1160 1259 1405 1823 1359
78 488 6043 1103 1854 1236 1366 1450 1319 1280 1041 1875 1928
77 400 7811 1428 1235 1479 1886 1767 1374 1088 1050 1592 1087
80 220 9608 1979 1870 1964 1063 1572 1275 1506 1903 1777 1874
70 249 9703 1059 1987 1323 1437 1614 1691 1461 1650 1877 1888
76 273 8463 1648 1661 1496 1694 1919 1553 1740 1052 1187 1203
71 464 8237 1182 1984 1490 1576 1505 1456 1429 1030 1159 1579
72 317 9254 1586 1127 1474 1072 1412 1180 1509 1751 1210 1405
73 379 7622 1054 1820 1895 1072 1148 1630 1395 1241 1497 1005
82 352 5064 1718 1734 1036 1823 1849 1305 1460 1569 1295 1908
88 322 9483 1138 1491 1790 1856 1407 1442 1120 1931 1463 1382
93 396 6952 1995 1916 1225 1403 1840 1453 1099 1990 1984 1710
98 434 6382 1345 1563 1280 1581 1377 1020 1196 1975 1624 1394
100 336 9994 1429 1235 1114 1817 1161 1396 1469 1548 1799 1309
96 345 5523 1989 1184 1641 1022 1701 1197 1263 1808 1843 1041
97 410 7002 1125 1477 1503 1691 1773 1699 1055 1486 1986 1214
99 295 7634 1076 1431 1953 1626 1527 1366 1822 1790 1480 1536
102 443 7826 1572 1847 1384 1884 1915 1567 1005 1327 1829 1933
27 257 7707 1446 1785 1398 1273 1063 1957 1900 1139 1389 1835
38 282 9976 1082 1285 1549 1777 1320 1378 1573 1833 1044 1389
39 284 5604 1736 1555 1797 1201 1234 1807 1028 1108 1333 1322
44 253 8648 1539 1733 1162 1790 1597 1856 1575 1823 1722 1424
42 397 7685 1157 1003 1530 1609 1651 1223 1496 1802 1296 1364
47 490 7991 1428 1054 1507 1885 1607 1009 1058 1144 1157 1942
51 371 6482 1644 1544 1211 1594 1652 1093 1909 1532 1646 1765
91 404 5856 1898 1531 1641 1443 1173 1476 1503 1693 1038 1684
90 216 9603 1884 1805 1193 1700 1241 1421 1040 1106 1004 1146
89 466 9458 1637 1896 1133 1040 1164 1144 1663 1398 1237 1219
92 352 6618 1206 1550 1046 1181 1589 1188 1098 1781 1190 1418
95 209 6885 1741 1112 1078 1527 1418 1976 1297 1975 1578 1664
103 491 5616 1925 1296 1401 1669 1990 1595 1383 1517 1820 1685
116
0 4 200
0 3 206
1 2 358
1 8 208
2 3 404
3 9 389
4 6 271
5 19 364
5 15 341
6 11 309
7 8 221
7 12 461
9 13 357
9 17 391
10 15 211
10 16 323
11 14 424
12 17 205
13 32 439
14 22 386
15 20 279
16 24 342
17 18 416
17 23 484
18 27 419
19 28 283
20 25 256
20 33 335
21 26 206
21 30 427
22 31 219
23 29 363
24 25 415
26 35 292
28 40 400
29 35 373
29 38 356
30 37 421
31 32 380
32 39 478
33 41 226
33 43 269
33 44 497
34 45 210
34 48 442
35 36 335
36 40 381
37 40 218
40 41 295
40 43 385
40 46 259
42 49 211
45 65 291
46 47 207
46 49 294
46 50 355
48 53 406
49 56 346
50 52 387
51 61 494
52 55 290
53 54 266
54 65 383
54 57 343
55 58 290
56 75 408
57 59 460
58 60 304
59 64 327
60 62 383
61 65 461
62 65 316
62 67 376
63 67 497
63 68 247
64 69 202
66 68 305
66 78 438
67 74 289
68 77 249
69 79 476
69 80 217
70 86 436
70 76 386
71 74 352
71 81 425
72 75 415
72 73 384
73 77 385
74 83 263
75 91 480
75 78 406
76 79 351
79 86 200
80 81 457
81 82 314
82 84 306
83 84 466
83 85 498
84 88 487
85 101 235
85 87 246
86 93 489
87 90 355
87 94 403
88 89 321
92 93 460
94 98 252
94 100 222
95 96 299
96 97 236
97 99 409
98 102 236
99 100 211
101 103 290
101 102 467
