30
11 6 6 32 31 2 3 7
2 15 4 9 83 3 5 4 8
7 1 5 58 7 2 3 0
3 4 2 41 40 2 0 3
5 4 9 16 74 1 1
6 8 10 8 37 2 7 5
5 10 10 35 65 1 3
1 8 8 35 24 1 7
9 8 4 75 25 1 1
13 2 4 18 8 2 2 6
6 4 7 10 55 3 5 3 1
6 12 6 13 24 1 7
5 6 12 45 54 1 6
2 2 12 59 61 1 9
13 3 6 10 65 2 1 0
7 3 6 67 9 2 6 1
5 7 13 40 61 3 4 3 2
11 11 3 22 31 3 8 9 8
3 5 3 64 28 1 4
3 5 11 62 15 1 2
9 7 9 31 83 2 7 5
4 8 2 59 62 3 9 5 7
6 8 8 12 54 1 2
5 23 10 6 101 3 4 3 1
8 8 3 25 101 2 2 1
9 3 7 10 29 1 4
9 9 7 48 14 3 9 3 5
7 12 10 19 25 1 6
11 2 8 75 24 1 9
2 3 6 3 48 1 6
