10 1
104
40 493 5691 1019 1790 1276 1016 1808 1660 1536 1244 1833 1473
17 342 7237 1807 1779 1821 1753 1056 1150 1833 1707 1070 1135
33 355 6407 1566 1400 1721 1715 1432 1315 1886 1772 1898 1310
46 377 8347 1173 1423 1825 1039 1841 1749 1066 1041 1450 1768
65 389 9580 1094 1962 1081 1219 1237 1172 1882 1515 1072 1939
75 229 6503 1183 1610 1387 1381 1899 1851 1828 1191 1616 1601
3 362 6445 1747 1249 1943 1252 1350 1025 1663 1839 1396 1136
9 258 8452 1296 1005 1203 1385 1041 1091 1736 1152 1775 1305
15 444 5639 1589 1805 1810 1561 1598 1348 1141 1088 1978 1646
32 348 5852 1086 1870 1926 1314 1526 1115 1252 1235 1745 1223
20 289 5661 1888 1967 1669 1001 1525 1559 1033 1973 1743 1494
29 286 9817 1473 1341 1034 1662 1427 1728 1420 1728 1728 1128
35 378 9454 1688 1022 1136 1606 1962 1804 1629 1915 1314 1913
49 363 7956 1753 1247 1600 1325 1176 1295 1347 1373 1378 1998
54 412 6491 1349 1548 1917 1250 1223 1316 1861 1225 1266 1755
62 242 6596 1153 1966 1937 1770 1092 1261 1357 1591 1204 1693
67 446 9222 1124 1615 1323 1754 1488 1036 1973 1799 1786 1377
68 423 6758 1825 1680 1852 1234 1820 1898 1588 1499 1653 1764
69 349 6131 1012 1272 1332 1106 1453 1706 1816 1778 1885 1322
74 486 7518 1601 1881 1002 1779 1800 1143 1327 1214 1228 1330
79 366 6960 1146 1954 1292 1973 1930 1766 1252 1546 1504 1990
86 461 6736 1322 1659 1358 1298 1290 1545 1689 1679 1230 1590
81 489 8926 1023 1818 1299 1128 1308 1150 1218 1351 1522 1054
83 414 6934 1232 1720 1292 1351 1422 1678 1580 1010 1778 1831
84 291 9527 1700 1541 1364 1189 1019 1986 1679 1342 1781 1551
85 207 6214 1634 1035 1217 1487 1060 1633 1225 1586 1356 1414
101 448 8613 1143 1200 1275 1469 1701 1218 1245 1952 1199 1075
87 200 6510 1694 1072 1930 1306 1083 1766 1657 1399 1817 1031
94 341 6652 1033 1023 1238 1716 1186 1881 1726 1788 1124 1735
0 381 8525 1316 1346 1125 1333 1509 1754 1459 1114 1909 1352
4 362 7716 1596 1719 1621 1317 1892 1804 1434 1643 1494 1653
1 467 -1
2 379 -1
8 276 -1
6 355 -1
5 241 -1
19 300 -1
11 465 -1
7 253 -1
12 263 -1
13 399 -1
10 232 -1
16 453 -1
14 246 -1
22 266 -1
24 335 -1
18 417 -1
23 326 -1
28 238 -1
25 421 -1
21 277 -1
26 366 -1
30 309 -1
31 230 -1
37 468 -1
41 242 -1
43 380 -1
34 483 -1
45 249 -1
48 363 -1
36 315 -1
50 249 -1
53 255 -1
56 452 -1
52 387 -1
61 409 -1
55 374 -1
57 318 -1
58 341 -1
59 214 -1
60 298 -1
64 464 -1
63 459 -1
66 223 -1
78 420 -1
77 258 -1
80 490 -1
70 229 -1
76 450 -1
71 366 -1
72 239 -1
73 451 -1
82 368 -1
88 492 -1
93 280 -1
98 370 -1
100 472 -1
96 343 -1
97 245 -1
99 417 -1
102 306 -1
27 286 -1
38 214 -1
39 431 -1
44 418 -1
42 252 -1
47 469 -1
51 291 -1
91 382 -1
90 475 -1
89 340 -1
92 373 -1
95 316 -1
103 246 -1
116
0 4 412
0 3 220
1 2 253
1 8 467
2 3 311
3 9 286
4 6 472
5 19 252
5 15 314
6 11 356
7 8 481
7 12 483
9 13 462
9 17 454
10 15 226
10 16 363
11 14 381
12 17 468
13 32 385
14 22 353
15 20 452
16 24 463
17 18 371
17 23 350
18 27 232
19 28 427
20 25 319
20 33 436
21 26 261
21 30 322
22 31 377
23 29 230
24 25 413
26 35 378
28 40 217
29 35 476
29 38 389
30 37 347
31 32 306
32 39 479
33 41 494
33 43 488
33 44 415
34 45 499
34 48 384
35 36 425
36 40 331
37 40 401
40 41 493
40 43 472
40 46 442
42 49 332
45 65 474
46 47 465
46 49 427
46 50 278
48 53 497
49 56 256
50 52 265
51 61 431
52 55 253
53 54 245
54 65 379
54 57 341
55 58 496
56 75 415
57 59 408
58 60 285
59 64 430
60 62 363
61 65 247
62 65 338
62 67 330
63 67 350
63 68 208
64 69 396
66 68 305
66 78 282
67 74 384
68 77 286
69 79 467
69 80 215
70 86 460
70 76 349
71 74 303
71 81 254
72 75 447
72 73 242
73 77 246
74 83 382
75 91 306
75 78 349
76 79 220
79 86 420
80 81 311
81 82 488
82 84 267
83 84 285
83 85 255
84 88 341
85 101 347
85 87 246
86 93 391
87 90 482
87 94 455
88 89 353
92 93 410
94 98 334
94 100 457
95 96 488
96 97 254
97 99 288
98 102 387
99 100 433
101 103 461
101 102 209
