30
7 1 8 25 36 1 7
16 6 9 16 7 3 6 9 2
5 15 10 76 100 1 8
7 4 2 66 70 2 8 2
2 3 5 66 41 2 3 2
6 3 7 102 45 3 8 4 1
6 5 6 51 96 3 9 0 2
13 2 3 27 34 1 4
3 4 3 36 70 1 3
6 7 3 63 51 2 1 8
8 9 7 45 38 2 1 9
6 8 1 72 97 3 7 5 8
7 8 5 64 93 1 0
8 9 3 22 66 1 3
9 5 5 50 13 1 4
5 12 5 39 58 3 9 5 6
6 7 4 102 73 3 6 2 7
5 5 1 16 18 3 1 7 0
4 3 4 100 97 3 4 8 5
3 13 4 97 80 2 3 1
3 6 8 52 91 1 6
8 6 4 10 2 1 7
4 12 7 50 10 2 7 0
7 5 2 21 61 1 6
3 3 6 43 60 1 7
2 5 9 45 58 2 3 1
4 17 5 14 26 3 6 8 4
1 7 2 103 98 1 6
15 8 8 25 76 2 9 0
12 10 12 7 27 3 1 7 9
