30
16 6 10 28 54 3 1 4 6
1 7 8 4 24 1 2
4 4 3 56 99 1 0
6 6 9 1 60 2 7 5
5 9 4 22 42 3 0 4 3
6 7 6 38 29 1 3
6 5 5 64 103 3 5 0 7
11 6 13 57 103 3 3 0 6
4 5 8 85 84 2 4 8
1 12 4 76 23 2 7 6
12 3 10 102 20 1 9
7 2 3 87 26 1 6
3 5 4 90 16 2 3 0
4 5 4 6 88 1 3
8 6 15 96 13 1 0
3 4 3 95 0 3 2 1 9
6 7 4 48 31 3 6 2 6
3 8 5 11 6 3 0 2 7
7 3 2 102 41 3 2 7 9
2 9 5 64 26 1 3
20 8 3 22 18 3 8 6 4
8 5 11 8 84 2 2 3
3 4 5 2 10 1 2
2 12 11 84 16 3 2 6 8
6 5 6 70 94 3 7 4 1
6 5 4 52 98 3 0 7 2
1 14 14 5 43 1 9
9 4 5 50 23 1 1
9 7 6 42 21 3 5 8 7
4 5 5 86 47 1 7
