30
4 5 3 3 10 1 0
4 7 3 4 5 3 2 3 0
4 3 12 5 3 2 1 2
9 4 6 4 7 3 2 0 4
11 9 5 1 5 2 0 3
8 14 13 7 2 1 1
13 5 3 1 10 1 2
5 10 7 3 4 1 0
6 9 9 3 1 1 3
5 2 3 1 5 3 2 3 2
5 16 3 3 2 3 2 3 4
6 1 6 5 0 2 0 2
5 7 9 3 0 3 0 4 3
4 6 8 7 8 1 0
10 21 4 3 5 1 2
2 10 6 5 2 3 0 2 3
11 6 4 0 4 3 1 0 4
9 1 3 3 8 3 1 4 1
2 9 12 3 1 3 3 0 3
5 17 4 7 8 1 2
9 1 3 3 1 3 0 2 3
5 11 5 10 7 1 4
2 5 3 10 4 3 2 0 4
6 3 3 4 1 2 0 4
4 4 8 2 8 1 0
4 15 3 7 8 3 0 3 0
2 3 10 0 3 3 4 2 1
7 8 2 7 8 1 3
5 3 6 1 0 3 3 0 4
2 9 1 8 7 2 4 0
