10 2
104
40 378 -1
17 348 -1
33 296 -1
46 385 -1
65 391 -1
75 403 -1
3 251 -1
9 487 -1
15 368 -1
32 494 -1
20 310 -1
29 238 -1
35 334 -1
49 239 -1
54 412 -1
62 234 -1
67 348 -1
68 358 -1
69 487 -1
74 288 -1
79 419 -1
86 414 -1
81 448 -1
83 384 -1
84 380 -1
85 472 -1
101 359 -1
87 393 -1
94 436 -1
0 263 -1
4 455 -1
1 450 -1
2 285 -1
8 482 -1
6 309 -1
5 417 -1
19 289 -1
11 427 -1
7 303 -1
12 427 -1
13 254 -1
10 490 -1
16 205 -1
14 365 -1
22 327 -1
24 370 -1
18 203 -1
23 265 -1
28 298 -1
25 498 -1
21 316 -1
26 373 -1
30 411 -1
31 436 -1
37 424 -1
41 258 -1
43 418 -1
34 493 -1
45 477 -1
48 205 -1
36 447 -1
50 242 -1
53 277 -1
56 404 -1
52 376 -1
61 386 -1
55 314 -1
57 369 -1
58 405 -1
59 492 -1
60 253 -1
64 439 -1
63 316 9716 1823 1517 1431 1451 1671 1903 1538 1015 1431 1120
66 423 5011 1077 1561 1148 1337 1259 1483 1463 1884 1076 1759
78 277 9398 1521 1392 1983 1983 1565 1073 1014 1871 1450 1255
77 248 6446 1026 1608 1815 1245 1264 1945 1225 1085 1870 1051
80 298 5193 1819 1346 1243 1486 1044 1489 1745 1435 1289 1250
70 302 6677 1679 1483 1064 1557 1737 1306 1172 1744 1799 1018
76 405 5250 1678 1560 1082 1784 1265 1447 1809 1076 1656 1117
71 238 5744 1444 1074 1220 1827 1400 1165 1191 1361 1869 1228
72 430 9138 1996 1814 1064 1292 1935 1291 1834 1191 1662 1448
73 329 6414 1177 1409 1256 1736 1840 1894 1821 1138 1318 1184
82 357 6524 1807 1384 1175 1302 1877 1088 1654 1407 1381 1004
88 471 5807 1355 1276 1749 1985 1007 1809 1853 1092 1403 1002
93 226 9493 1163 1823 1453 1259 1555 1886 1818 1271 1521 1867
98 430 7384 1536 1233 1189 1761 1298 1509 1182 1514 1957 1213
100 386 9908 1851 1552 1549 1949 1832 1921 1317 1439 1074 1246
96 447 8282 1719 1756 1269 1519 1730 1393 1780 1230 1000 1268
97 256 7942 1725 1448 1164 1376 1249 1070 1925 1048 1071 1482
99 286 9924 1172 1699 1988 1553 1701 1341 1427 1356 1093 1376
102 359 5313 1626 1253 1311 1313 1376 1360 1653 1720 1742 1502
27 380 7199 1358 1868 1172 1792 1032 1684 1201 1138 1653 1763
38 220 9246 1572 1630 1692 1995 1707 1317 1305 1597 1245 1508
39 352 5748 1818 1725 1818 1143 1705 1984 1472 1346 1608 1401
44 358 8936 1421 1135 1259 1082 1410 1857 1260 1924 1142 1202
42 446 8795 1276 1646 1479 1400 1872 1569 1511 1579 1540 1168
47 378 5005 1643 1630 1061 1944 1477 1286 1089 1945 1424 1908
51 214 6145 1583 1925 1649 1593 1672 1792 1359 1375 1011 1463
91 462 6082 1839 1234 1856 1734 1134 1997 1204 1528 1372 1532
90 490 8275 1949 1308 1685 1864 1091 1237 1231 1479 1678 1683
89 466 6496 1192 1721 1139 1333 1446 1787 1156 1396 1607 1147
92 367 8737 1515 1085 1401 1783 1276 1087 1902 1614 1879 1167
95 476 7808 1651 1083 1176 1252 1225 1106 1749 1396 1373 1456
103 324 9798 1172 1622 1227 1930 1370 1252 1285 1034 1178 1362
116
0 4 293
0 3 229
1 2 257
1 8 359
2 3 474
3 9 453
4 6 262
5 19 434
5 15 347
6 11 496
7 8 313
7 12 263
9 13 268
9 17 337
10 15 403
10 16 367
11 14 369
12 17 266
13 32 283
14 22 386
15 20 277
16 24 405
17 18 487
17 23 345
18 27 265
19 28 360
20 25 250
20 33 238
21 26 486
21 30 477
22 31 374
23 29 437
24 25 416
26 35 248
28 40 360
29 35 417
29 38 253
30 37 254
31 32 398
32 39 458
33 41 427
33 43 314
33 44 215
34 45 245
34 48 321
35 36 457
36 40 226
37 40 336
40 41 415
40 43 254
40 46 268
42 49 208
45 65 250
46 47 351
46 49 405
46 50 477
48 53 456
49 56 294
50 52 235
51 61 223
52 55 234
53 54 475
54 65 450
54 57 212
55 58 428
56 75 231
57 59 424
58 60 233
59 64 435
60 62 228
61 65 447
62 65 238
62 67 307
63 67 282
63 68 298
64 69 367
66 68 490
66 78 349
67 74 352
68 77 337
69 79 375
69 80 206
70 86 459
70 76 433
71 74 254
71 81 456
72 75 256
72 73 425
73 77 224
74 83 364
75 91 236
75 78 229
76 79 371
79 86 429
80 81 314
81 82 458
82 84 375
83 84 499
83 85 251
84 88 369
85 101 305
85 87 234
86 93 454
87 90 263
87 94 456
88 89 294
92 93 270
94 98 419
94 100 232
95 96 429
96 97 312
97 99 376
98 102 413
99 100 313
101 103 244
101 102 323
