30
1 6 9 6 53 2 0 3
6 13 7 19 30 3 2 8 7
8 3 6 31 14 1 9
3 9 9 12 65 1 5
6 7 5 67 16 2 1 3
7 5 5 17 0 3 4 3 1
2 8 5 81 23 2 6 9
6 2 2 31 21 2 9 8
2 14 6 40 101 1 7
9 4 8 67 19 2 0 3
4 16 8 55 75 1 7
4 6 17 30 40 3 4 6 4
4 3 12 23 0 2 9 7
9 5 7 15 1 1 3
5 4 3 48 36 1 3
14 6 3 37 49 1 7
7 12 5 12 81 3 8 5 3
6 10 7 24 20 3 9 2 5
11 8 2 20 40 3 3 6 3
7 4 10 65 20 2 8 9
2 3 12 12 49 1 0
7 4 6 85 28 1 0
9 4 9 74 4 3 7 1 7
9 7 2 15 2 1 7
13 4 3 87 54 1 3
3 7 5 45 14 3 5 8 0
3 5 3 8 11 1 7
13 3 4 28 14 1 7
4 3 6 1 13 1 2
5 2 5 56 11 3 0 3 8
