10 2
104
40 253 5643 1161 1050 1486 1586 1614 1111 1546 1645 1892 1707
17 386 8297 1974 1014 1914 1094 1448 1437 1239 1025 1055 1491
33 282 6024 1031 1147 1534 1381 1487 1546 1607 1610 1015 1864
46 446 7435 1877 1380 1715 1128 1597 1824 1448 1738 1591 1124
65 245 8706 1679 1368 1574 1824 1095 1330 1414 1058 1680 1692
75 446 5512 1245 1632 1785 1051 1567 1817 1817 1166 1844 1627
3 381 7425 1362 1876 1311 1418 1125 1217 1279 1051 1073 1759
9 257 7607 1966 1937 1499 1236 1212 1153 1750 1890 1380 1677
15 364 7308 1750 1491 1745 1391 1788 1688 1081 1326 1524 1187
32 354 8251 1073 1948 1301 1902 1226 1204 1341 1080 1291 1747
20 402 -1
29 433 -1
35 492 -1
49 413 -1
54 466 -1
62 323 -1
67 352 -1
68 293 -1
69 334 -1
74 301 -1
79 460 -1
86 260 -1
81 256 -1
83 427 -1
84 209 -1
85 378 -1
101 389 -1
87 311 -1
94 499 -1
0 290 -1
4 379 -1
1 225 -1
2 367 -1
8 493 -1
6 256 -1
5 405 -1
19 296 -1
11 495 -1
7 424 -1
12 205 -1
13 438 -1
10 214 -1
16 246 -1
14 290 -1
22 210 -1
24 234 -1
18 380 -1
23 320 -1
28 494 -1
25 411 -1
21 369 -1
26 327 -1
30 471 -1
31 255 -1
37 453 -1
41 241 -1
43 312 -1
34 297 -1
45 443 -1
48 215 -1
36 458 -1
50 483 -1
53 217 -1
56 276 -1
52 316 -1
61 286 -1
55 225 -1
57 274 -1
58 259 -1
59 448 -1
60 445 -1
64 453 -1
63 277 -1
66 331 -1
78 488 -1
77 457 -1
80 357 -1
70 413 -1
76 357 -1
71 343 -1
72 211 -1
73 361 -1
82 426 -1
88 288 -1
93 412 -1
98 356 -1
100 313 -1
96 325 -1
97 395 -1
99 367 -1
102 448 -1
27 254 -1
38 415 -1
39 365 -1
44 460 -1
42 303 -1
47 214 -1
51 251 -1
91 254 -1
90 496 -1
89 382 -1
92 216 -1
95 326 -1
103 486 -1
116
0 4 452
0 3 377
1 2 303
1 8 480
2 3 380
3 9 436
4 6 357
5 19 469
5 15 269
6 11 411
7 8 210
7 12 312
9 13 437
9 17 403
10 15 481
10 16 247
11 14 488
12 17 497
13 32 458
14 22 352
15 20 336
16 24 338
17 18 419
17 23 340
18 27 412
19 28 475
20 25 359
20 33 222
21 26 489
21 30 317
22 31 319
23 29 255
24 25 225
26 35 317
28 40 356
29 35 228
29 38 499
30 37 332
31 32 364
32 39 476
33 41 265
33 43 226
33 44 334
34 45 248
34 48 458
35 36 463
36 40 335
37 40 465
40 41 489
40 43 378
40 46 352
42 49 250
45 65 294
46 47 459
46 49 252
46 50 488
48 53 261
49 56 408
50 52 447
51 61 308
52 55 243
53 54 402
54 65 252
54 57 328
55 58 362
56 75 321
57 59 206
58 60 406
59 64 393
60 62 369
61 65 391
62 65 238
62 67 367
63 67 314
63 68 316
64 69 403
66 68 227
66 78 309
67 74 386
68 77 404
69 79 470
69 80 266
70 86 295
70 76 298
71 74 304
71 81 263
72 75 467
72 73 452
73 77 408
74 83 233
75 91 272
75 78 434
76 79 488
79 86 437
80 81 451
81 82 402
82 84 297
83 84 390
83 85 463
84 88 421
85 101 404
85 87 377
86 93 411
87 90 323
87 94 489
88 89 406
92 93 209
94 98 214
94 100 274
95 96 356
96 97 215
97 99 347
98 102 397
99 100 297
101 103 289
101 102 220
