30
6 7 8 100 59 1 5
9 1 5 29 23 1 7
4 5 1 47 13 1 3
2 6 5 71 26 2 5 7
4 3 3 54 31 3 6 9 2
5 4 8 66 19 3 4 8 2
7 6 5 102 88 1 0
4 10 8 16 100 1 4
8 3 4 48 47 2 7 3
5 4 14 69 99 2 7 4
15 2 12 54 31 3 8 0 8
7 3 6 13 63 3 5 9 4
9 2 8 23 79 2 0 8
9 3 11 86 18 1 8
4 11 4 103 100 2 2 1
9 11 7 86 85 1 4
4 7 4 74 69 1 2
7 6 4 103 70 3 6 8 3
10 3 5 86 92 3 9 0 5
2 4 6 48 88 2 0 4
3 5 12 21 1 3 8 2 0
5 10 6 28 82 2 8 1
5 2 6 99 103 1 2
4 2 6 61 57 1 8
2 13 11 4 52 3 1 2 5
5 15 13 74 56 2 4 8
7 6 3 22 96 3 4 7 3
5 5 4 101 5 1 9
2 12 11 11 102 1 9
4 13 8 7 92 2 8 0
