30
12 5 3 1 2 1 2
3 5 6 4 2 3 2 3 1
8 8 6 1 7 3 0 3 2
5 3 6 2 3 1 1
6 6 2 10 2 3 4 2 1
11 10 2 0 7 3 4 0 3
11 7 5 5 7 2 3 2
2 5 3 1 5 2 0 3
1 6 5 3 8 3 1 4 2
11 11 6 5 0 1 2
6 5 1 5 1 1 3
8 8 5 3 1 3 0 2 4
4 3 9 4 3 1 2
5 10 8 8 5 2 2 1
2 7 7 3 1 3 0 2 3
15 10 7 2 3 2 3 0
3 11 12 2 5 2 3 2
5 9 8 3 5 2 0 1
8 3 4 10 7 3 4 2 4
3 2 7 10 2 1 2
13 11 4 8 4 3 4 1 2
3 5 4 7 10 1 2
1 8 7 2 10 3 0 2 4
6 15 5 2 10 2 0 1
5 7 2 3 7 1 4
10 3 2 0 10 2 2 3
5 13 11 5 7 2 0 1
1 7 3 0 2 3 2 4 0
3 3 3 1 2 1 4
4 10 7 4 8 1 3
