10 2
75
24 267 -1
13 437 -1
3 476 -1
11 304 -1
16 286 -1
18 351 -1
17 396 -1
40 440 -1
56 260 -1
0 318 -1
6 244 -1
8 431 -1
15 383 -1
12 318 -1
25 271 -1
29 329 -1
27 320 -1
28 456 -1
32 354 -1
34 410 -1
39 325 -1
38 349 -1
37 301 -1
42 398 -1
41 315 -1
46 312 -1
61 405 -1
49 270 -1
48 264 -1
54 203 -1
65 400 -1
62 247 -1
58 350 -1
64 345 -1
66 322 -1
68 333 -1
67 444 -1
69 310 -1
2 201 -1
5 385 -1
1 484 -1
4 299 -1
9 282 -1
7 422 -1
10 416 -1
14 241 -1
19 358 -1
20 419 -1
21 448 -1
22 428 -1
23 206 -1
26 360 -1
30 357 8495 1491 1591 1128 1413 1905 1790 1829 1893 1838 1902
31 469 7521 1614 1777 1049 1292 1260 1501 1698 1251 1491 1587
36 270 9509 1406 1429 1794 1769 1163 1722 1892 1677 1145 1997
33 397 5769 1511 1530 1059 1328 1455 1116 1597 1759 1134 1483
35 334 6885 1058 1454 1712 1419 1462 1132 1091 1091 1666 1482
43 374 7745 1528 1480 1211 1436 1635 1134 1917 1088 1850 1308
45 420 6329 1352 1838 1710 1612 1645 1203 1882 1427 1989 1593
51 222 9165 1069 1668 1761 1631 1190 1285 1231 1276 1379 1480
47 249 6401 1577 1866 1212 1079 1877 1553 1099 1546 1038 1372
44 399 9815 1488 1601 1631 1227 1433 1265 1968 1115 1164 1834
52 496 9843 1499 1127 1582 1302 1766 1815 1103 1566 1627 1345
57 401 8721 1068 1450 1951 1370 1881 1145 1140 1481 1087 1904
55 457 7267 1235 1637 1852 1961 1930 1290 1657 1729 1889 1566
50 488 8414 1441 1813 1342 1158 1457 1156 1718 1280 1133 1368
53 274 5383 1000 1694 1958 1102 1096 1771 1027 1819 1446 1640
59 334 5795 1627 1330 1851 1613 1743 1895 1180 1841 1670 1718
60 406 9619 1956 1328 1857 1138 1076 1647 1142 1670 1417 1811
63 384 9917 1839 1977 1666 1704 1972 1291 1821 1768 1746 1719
70 316 7532 1024 1773 1770 1040 1685 1924 1048 1169 1928 1726
71 482 7080 1983 1062 1928 1335 1138 1582 1121 1674 1747 1030
74 281 8625 1371 1077 1457 1096 1671 1760 1711 1173 1861 1195
72 405 9158 1198 1871 1451 1250 1504 1468 1401 1586 1340 1567
73 259 9952 1749 1284 1002 1110 1035 1864 1113 1063 1943 1344
99
0 2 371
0 5 474
0 13 430
1 3 219
1 4 224
2 9 223
3 5 201
3 13 342
3 6 403
4 7 475
6 11 307
6 8 324
7 8 499
8 10 388
9 15 271
10 12 351
11 13 369
11 12 249
11 16 237
12 14 261
13 18 432
14 17 259
15 18 248
15 19 200
16 18 430
16 17 469
16 24 224
17 20 498
17 21 279
18 25 408
19 29 439
20 24 495
21 22 433
22 27 405
23 24 486
23 26 224
24 27 269
24 30 426
25 29 358
25 28 437
26 28 389
27 31 468
28 32 431
29 36 448
30 33 396
31 34 337
32 35 388
32 40 299
33 39 274
34 38 263
34 43 415
35 37 311
36 37 298
37 45 448
38 39 271
38 42 236
39 40 256
40 41 429
40 56 403
41 46 374
41 61 232
42 51 259
42 49 443
43 47 400
44 48 407
44 45 333
46 48 483
46 54 442
47 52 277
48 57 317
49 55 466
49 50 354
50 53 228
51 56 442
52 53 386
54 65 433
54 62 395
55 58 441
56 59 391
56 58 386
57 60 459
58 63 460
59 61 403
60 64 412
61 62 256
62 66 204
63 66 383
64 70 279
64 65 324
65 68 343
66 67 391
67 68 392
67 69 449
68 69 317
69 71 351
70 74 235
71 72 409
72 73 256
73 74 259
