30
10 17 17 24 17 1 9
12 10 3 18 54 1 7
8 11 9 5 24 2 3 7
5 7 2 26 39 2 2 6
5 2 6 7 38 1 6
2 5 19 67 26 1 7
10 4 5 7 10 1 2
10 11 9 66 5 2 8 7
4 11 13 23 39 1 0
6 5 10 11 25 2 0 8
7 4 7 1 13 3 8 0 7
4 5 14 28 16 3 2 8 3
6 6 4 21 25 3 4 5 7
2 8 9 46 40 3 2 6 8
9 7 2 48 23 3 5 7 6
3 11 4 29 61 1 0
6 8 2 66 7 3 2 5 9
12 9 6 56 12 2 2 6
5 3 6 41 54 3 4 1 4
10 6 10 6 49 2 2 4
5 5 6 18 9 2 9 3
3 7 3 67 37 1 1
25 3 8 7 64 3 7 1 7
3 8 10 27 22 1 8
9 10 4 15 61 3 7 2 4
3 8 4 20 18 1 2
1 8 5 42 7 3 8 6 4
9 1 10 13 1 2 4 9
8 6 8 68 17 1 3
4 1 3 0 21 2 0 5
