10 1
104
40 270 6053 1565 1114 1764 1482 1858 1716 1377 1142 1159 1222
17 269 8279 1364 1177 1932 1514 1294 1894 1549 1029 1851 1253
33 332 7993 1521 1481 1330 1841 1199 1259 1916 1711 1065 1070
46 398 9843 1448 1929 1017 1338 1538 1200 1909 1558 1477 1897
65 445 8839 1160 1635 1404 1915 1948 1255 1812 1138 1312 1882
75 392 6000 1995 1994 1295 1344 1866 1596 1942 1761 1644 1216
3 436 9707 1455 1628 1135 1033 1471 1432 1155 1654 1394 1168
9 438 9125 1196 1908 1459 1996 1870 1114 1035 1016 1100 1269
15 214 7529 1106 1430 1368 1873 1233 1956 1430 1842 1896 1193
32 426 5173 1369 1967 1145 1078 1112 1952 1798 1653 1847 1217
20 265 8732 1621 1809 1641 1449 1270 1637 1973 1218 1260 1237
29 429 7990 1682 1451 1220 1718 1800 1789 1246 1712 1030 1889
35 456 6674 1324 1927 1781 1233 1627 1695 1354 1941 1557 1021
49 384 9165 1306 1087 1786 1257 1663 1386 1420 1831 1258 1596
54 235 7022 1182 1868 1450 1680 1659 1223 1593 1084 1196 1799
62 411 8497 1747 1980 1417 1173 1344 1710 1721 1021 1410 1854
67 323 9516 1673 1693 1012 1472 1577 1329 1446 1334 1057 1623
68 357 9370 1902 1684 1716 1917 1546 1368 1128 1940 1178 1002
69 221 8275 1383 1501 1449 1262 1540 1692 1378 1617 1201 1908
74 277 8366 1577 1932 1661 1931 1767 1143 1618 1402 1375 1764
79 497 9555 1494 1465 1382 1967 1041 1350 1142 1676 1838 1046
86 267 9684 1841 1877 1247 1104 1363 1547 1645 1033 1764 1373
81 216 6226 1686 1754 1176 1613 1787 1604 1048 1147 1393 1288
83 353 7666 1438 1308 1206 1905 1071 1378 1625 1815 1389 1740
84 435 5408 1114 1248 1294 1850 1494 1286 1807 1117 1104 1165
85 314 9581 1844 1838 1080 1393 1339 1997 1191 1699 1087 1641
101 410 6528 1267 1351 1841 1050 1100 1389 1840 1372 1989 1587
87 222 9384 1170 1326 1706 1382 1836 1706 1781 1322 1735 1270
94 488 8034 1850 1939 1424 1095 1961 1690 1442 1964 1980 1581
0 292 5110 1994 1436 1590 1170 1593 1744 1712 1028 1716 1147
4 313 9257 1201 1340 1730 1369 1197 1889 1749 1876 1177 1880
1 238 -1
2 483 -1
8 232 -1
6 292 -1
5 391 -1
19 266 -1
11 238 -1
7 320 -1
12 456 -1
13 421 -1
10 295 -1
16 338 -1
14 333 -1
22 394 -1
24 285 -1
18 255 -1
23 281 -1
28 364 -1
25 214 -1
21 404 -1
26 442 -1
30 282 -1
31 412 -1
37 227 -1
41 427 -1
43 488 -1
34 250 -1
45 479 -1
48 274 -1
36 430 -1
50 467 -1
53 293 -1
56 259 -1
52 380 -1
61 464 -1
55 344 -1
57 416 -1
58 246 -1
59 334 -1
60 421 -1
64 367 -1
63 342 -1
66 358 -1
78 313 -1
77 246 -1
80 371 -1
70 423 -1
76 386 -1
71 208 -1
72 384 -1
73 375 -1
82 205 -1
88 427 -1
93 430 -1
98 303 -1
100 336 -1
96 254 -1
97 394 -1
99 444 -1
102 387 -1
27 420 -1
38 268 -1
39 443 -1
44 368 -1
42 367 -1
47 274 -1
51 210 -1
91 253 -1
90 447 -1
89 357 -1
92 345 -1
95 288 -1
103 489 -1
116
0 4 482
0 3 261
1 2 366
1 8 358
2 3 288
3 9 282
4 6 215
5 19 333
5 15 397
6 11 306
7 8 216
7 12 339
9 13 385
9 17 452
10 15 318
10 16 331
11 14 216
12 17 290
13 32 421
14 22 334
15 20 212
16 24 227
17 18 208
17 23 360
18 27 315
19 28 211
20 25 341
20 33 485
21 26 340
21 30 257
22 31 422
23 29 483
24 25 458
26 35 344
28 40 309
29 35 303
29 38 373
30 37 380
31 32 444
32 39 256
33 41 368
33 43 497
33 44 211
34 45 428
34 48 487
35 36 365
36 40 447
37 40 241
40 41 315
40 43 371
40 46 484
42 49 237
45 65 218
46 47 269
46 49 373
46 50 302
48 53 372
49 56 390
50 52 308
51 61 446
52 55 477
53 54 395
54 65 320
54 57 348
55 58 472
56 75 403
57 59 226
58 60 460
59 64 276
60 62 444
61 65 431
62 65 408
62 67 346
63 67 300
63 68 254
64 69 274
66 68 447
66 78 350
67 74 215
68 77 313
69 79 466
69 80 394
70 86 356
70 76 254
71 74 461
71 81 347
72 75 325
72 73 400
73 77 233
74 83 484
75 91 288
75 78 383
76 79 374
79 86 465
80 81 269
81 82 383
82 84 394
83 84 386
83 85 397
84 88 380
85 101 459
85 87 429
86 93 404
87 90 393
87 94 474
88 89 380
92 93 370
94 98 210
94 100 465
95 96 422
96 97 397
97 99 296
98 102 299
99 100 320
101 103 276
101 102 347
