30
4 3 7 88 78 1 9
1 8 13 52 1 2 1 0
4 3 8 71 30 2 9 2
1 5 6 56 82 1 0
5 13 4 103 11 3 2 1 3
5 6 5 56 66 2 9 6
6 8 9 10 64 1 5
7 5 3 72 23 2 7 6
5 3 6 23 92 1 1
6 5 2 37 6 2 0 6
6 11 9 18 99 3 1 0 3
4 9 5 52 103 2 8 2
7 3 10 51 27 2 5 6
9 10 6 97 89 3 7 8 5
10 3 7 95 102 1 6
3 2 3 11 37 2 0 3
6 10 6 5 76 1 5
1 3 5 36 89 1 6
8 6 10 11 89 2 4 6
4 7 7 18 25 2 2 8
10 9 4 23 26 3 5 0 2
5 4 3 39 18 1 4
4 10 13 45 89 2 5 0
7 15 8 91 99 1 8
8 3 9 26 22 1 7
7 7 4 93 58 1 7
5 2 6 71 80 1 6
13 14 11 28 39 3 2 7 9
7 6 5 14 39 3 4 6 3
5 5 3 13 53 2 7 6
