30
6 6 4 2 13 3 3 2 1
8 11 3 10 2 2 3 4
7 9 9 7 3 3 4 1 3
1 4 11 7 10 1 2
6 11 7 11 12 1 0
9 8 8 9 2 2 3 0
7 8 13 11 3 1 0
8 3 0 4 3 3 2 4 3
5 1 2 6 2 3 3 2 3
8 8 3 7 11 1 0
2 4 6 6 13 1 2
6 3 10 10 3 1 4
1 4 7 11 9 1 0
2 4 7 12 4 1 2
4 6 9 11 7 2 3 0
5 3 9 12 9 3 1 4 3
7 4 2 7 13 2 4 0
4 6 6 10 12 3 3 4 1
5 10 14 6 11 3 3 0 2
7 10 3 3 13 1 3
4 10 7 9 3 3 1 4 3
1 3 4 7 11 3 2 4 3
3 5 8 3 11 2 1 3
12 13 4 10 9 2 3 2
2 13 3 13 10 1 3
3 4 11 11 2 2 2 1
3 3 4 4 11 1 3
6 5 6 6 11 1 2
19 1 7 10 6 1 4
9 14 6 7 12 3 3 1 3
