30
6 12 6 2 0 1 2
7 3 2 4 10 3 0 3 4
6 8 13 3 2 3 0 1 2
2 6 1 8 7 3 2 4 1
1 3 3 8 5 2 1 3
5 5 2 4 3 2 1 3
7 4 5 8 3 1 4
6 2 3 4 5 1 4
5 8 11 1 2 3 0 3 1
8 4 2 1 10 2 2 0
10 3 0 0 5 1 3
7 6 2 1 7 1 2
3 16 10 8 0 3 0 1 4
6 5 1 4 2 2 1 4
3 4 10 3 5 1 2
3 8 9 0 5 2 3 2
9 2 6 2 10 1 3
4 4 11 10 7 3 4 3 2
8 5 8 4 5 2 0 4
8 13 9 4 7 3 3 4 3
4 6 13 1 2 3 4 1 4
2 8 11 5 4 1 2
2 8 7 4 1 3 1 2 0
7 8 8 1 0 1 4
11 11 7 3 8 1 3
6 16 7 2 0 3 4 2 0
1 3 3 2 3 2 4 1
2 10 10 5 3 2 2 3
0 9 2 8 0 2 0 1
5 8 3 4 3 2 0 1
