10 1
75
24 465 7724 1883 1703 1587 1078 1299 1967 1322 1067 1112 1269
13 347 6868 1761 1445 1630 1587 1073 1526 1274 1923 1316 1423
3 231 5307 1318 1418 1458 1709 1318 1791 1512 1042 1773 1569
11 329 9813 1881 1733 1390 1974 1579 1167 1557 1286 1307 1074
16 434 8604 1789 1250 1366 1602 1574 1476 1414 1322 1374 1579
18 417 7275 1405 1475 1965 1703 1017 1887 1992 1354 1119 1555
17 240 8792 1868 1841 1984 1229 1371 1090 1665 1554 1733 1630
40 295 6888 1718 1908 1111 1963 1420 1163 1257 1117 1175 1694
56 427 8653 1589 1120 1566 1255 1774 1500 1631 1788 1043 1433
0 470 9993 1285 1596 1287 1947 1987 1482 1070 1559 1832 1475
6 457 6445 1277 1981 1351 1676 1836 1581 1260 1902 1452 1740
8 227 9093 1072 1603 1959 1196 1453 1893 1989 1144 1761 1606
15 296 8494 1808 1428 1382 1954 1119 1213 1089 1208 1502 1030
12 407 7212 1425 1459 1373 1321 1162 1052 1437 1171 1789 1493
25 324 7281 1970 1418 1602 1329 1899 1127 1781 1174 1262 1207
29 455 7284 1546 1431 1047 1814 1120 1731 1191 1571 1722 1601
27 439 8923 1283 1938 1860 1290 1158 1132 1755 1846 1875 1192
28 410 7221 1538 1688 1479 1987 1563 1865 1181 1935 1881 1497
32 296 7401 1274 1565 1501 1676 1453 1593 1504 1835 1324 1454
34 328 8251 1565 1912 1630 1591 1163 1298 1482 1012 2000 1276
39 289 5721 1786 1372 1012 1310 1525 1606 1465 1268 1219 1184
38 277 5954 1705 1716 1190 1244 1040 1619 1525 1214 1905 1318
37 339 -1
42 383 -1
41 366 -1
46 301 -1
61 269 -1
49 409 -1
48 279 -1
54 475 -1
65 375 -1
62 223 -1
58 271 -1
64 205 -1
66 216 -1
68 251 -1
67 346 -1
69 321 -1
2 241 -1
5 319 -1
1 385 -1
4 249 -1
9 445 -1
7 406 -1
10 374 -1
14 235 -1
19 209 -1
20 322 -1
21 401 -1
22 254 -1
23 418 -1
26 480 -1
30 357 -1
31 487 -1
36 302 -1
33 287 -1
35 463 -1
43 347 -1
45 286 -1
51 402 -1
47 260 -1
44 494 -1
52 296 -1
57 479 -1
55 278 -1
50 251 -1
53 323 -1
59 204 -1
60 459 -1
63 254 -1
70 459 -1
71 427 -1
74 282 -1
72 287 -1
73 404 -1
99
0 2 263
0 5 238
0 13 261
1 3 226
1 4 438
2 9 480
3 5 475
3 13 391
3 6 249
4 7 247
6 11 387
6 8 244
7 8 247
8 10 287
9 15 282
10 12 462
11 13 336
11 12 304
11 16 383
12 14 215
13 18 406
14 17 356
15 18 225
15 19 457
16 18 375
16 17 304
16 24 340
17 20 377
17 21 438
18 25 302
19 29 307
20 24 218
21 22 214
22 27 369
23 24 219
23 26 435
24 27 255
24 30 213
25 29 494
25 28 341
26 28 400
27 31 354
28 32 429
29 36 452
30 33 281
31 34 444
32 35 370
32 40 225
33 39 422
34 38 263
34 43 301
35 37 403
36 37 433
37 45 320
38 39 223
38 42 243
39 40 297
40 41 456
40 56 355
41 46 499
41 61 476
42 51 265
42 49 437
43 47 204
44 48 214
44 45 334
46 48 383
46 54 457
47 52 350
48 57 211
49 55 498
49 50 450
50 53 493
51 56 434
52 53 265
54 65 238
54 62 332
55 58 409
56 59 222
56 58 331
57 60 238
58 63 451
59 61 396
60 64 260
61 62 443
62 66 256
63 66 395
64 70 333
64 65 482
65 68 328
66 67 479
67 68 266
67 69 345
68 69 296
69 71 328
70 74 446
71 72 212
72 73 452
73 74 323
