30
11 2 5 71 50 1 1
0 5 5 22 31 2 8 1
1 2 5 2 30 1 7
4 3 3 73 60 3 8 1 0
3 3 11 20 45 1 9
12 3 8 7 70 3 7 2 1
5 12 10 49 66 1 8
2 3 5 35 21 1 7
10 2 5 33 50 1 2
7 4 3 19 51 3 1 2 5
6 9 15 23 50 1 5
4 3 2 35 60 2 5 0
5 8 4 53 45 2 6 5
3 2 6 44 19 2 9 7
7 7 11 21 19 3 6 5 8
12 9 10 61 58 2 5 9
1 2 2 61 59 2 5 6
6 4 6 61 33 2 4 3
2 8 11 30 70 1 8
2 7 5 53 67 2 0 8
2 4 15 51 5 3 3 9 1
6 9 3 48 46 1 4
11 15 10 41 73 3 1 4 3
8 6 5 4 54 3 9 0 5
9 6 9 19 55 3 8 3 9
4 1 2 55 62 1 7
7 6 4 65 54 1 8
4 4 9 71 20 2 4 8
3 2 6 41 60 1 8
3 10 12 23 63 2 1 4
