30
5 4 10 11 10 3 4 3 1
12 2 8 7 4 1 4
10 2 8 2 4 2 3 4
12 3 6 9 2 1 2
4 2 1 3 4 1 1
5 6 6 2 7 1 3
5 13 7 12 11 3 1 3 2
3 2 2 2 7 1 1
6 4 2 2 10 3 2 0 1
6 4 5 2 13 3 4 3 2
4 3 1 10 2 2 1 4
12 2 8 6 13 2 1 0
5 6 14 13 2 1 4
10 7 1 6 11 3 2 1 2
8 4 1 4 12 2 1 2
7 4 6 11 7 3 3 0 3
10 3 5 3 13 1 2
0 11 5 7 13 2 4 3
9 4 3 4 13 1 0
6 11 2 6 9 2 3 2
4 6 5 6 10 3 4 3 0
5 10 4 12 11 3 3 1 0
5 5 5 9 12 3 1 0 3
12 2 1 10 3 2 0 2
3 7 8 4 6 1 2
11 5 4 4 6 1 3
5 6 7 11 2 1 4
7 5 5 6 11 2 4 0
13 5 5 12 3 2 2 1
6 6 5 9 10 1 2
