10 1
104
40 217 -1
17 357 -1
33 379 -1
46 269 -1
65 370 -1
75 317 -1
3 209 -1
9 372 -1
15 256 -1
32 495 -1
20 288 6708 1955 1284 1108 1623 1626 1311 1423 1298 1000 1035
29 448 7475 1535 1383 1792 1057 1945 1886 1670 1381 1133 1425
35 430 -1
49 226 8040 1582 1499 1421 1966 1809 1489 1626 1113 1223 1207
54 381 -1
62 485 -1
67 416 -1
68 394 -1
69 437 9144 1358 1560 1183 1159 1930 1023 1070 1366 1543 1671
74 434 5591 1785 1616 1594 1942 1656 1760 1305 1977 1075 1458
79 382 7912 1137 1199 1712 1423 1297 1037 1014 1446 1805 1661
86 311 -1
81 409 -1
83 258 -1
84 402 7250 1944 1401 1078 1399 1751 1347 1148 1933 1680 1401
85 404 9301 1300 1920 1594 1010 1671 1676 1865 1281 1572 1420
101 473 -1
87 268 -1
94 454 9129 1430 1505 1902 1875 1801 1376 1651 1913 1506 1740
0 482 -1
4 382 -1
1 373 6615 1502 1968 1185 1902 1139 1671 1531 1153 1372 1194
2 313 -1
8 460 -1
6 353 -1
5 472 9540 1474 1829 1927 1445 1384 1432 1706 1513 1099 1133
19 283 6954 1551 1002 1425 1841 1068 1762 1578 1221 1700 1827
11 245 9128 1494 1665 1740 1331 1708 1392 1017 1710 1275 1692
7 282 8673 1688 1045 1206 1677 1964 1348 1655 1733 1576 1274
12 265 -1
13 287 -1
10 494 -1
16 420 7265 1992 1735 1358 1315 1213 1950 1807 1155 1313 1225
14 485 -1
22 274 -1
24 277 -1
18 357 -1
23 479 -1
28 251 7737 1593 1230 1916 1616 1381 1589 1296 1980 1747 1368
25 349 -1
21 253 -1
26 385 -1
30 311 -1
31 396 -1
37 322 7207 1795 1705 1994 1774 1255 1381 1196 1938 1334 1840
41 407 8417 1589 1495 1086 1432 1041 1765 1638 1744 1071 1577
43 429 -1
34 241 -1
45 282 8010 1059 1826 1899 1823 1705 1172 1460 1350 1693 1089
48 394 -1
36 492 -1
50 294 -1
53 234 -1
56 265 -1
52 448 -1
61 291 9779 1012 1957 1899 1680 1604 1972 1998 1662 1242 1347
55 265 -1
57 347 9564 1192 1315 1086 1493 1487 1709 1767 1457 1377 1512
58 266 -1
59 446 -1
60 360 6296 1809 1168 1906 1533 1695 1982 1559 1222 1503 1161
64 236 -1
63 291 -1
66 473 -1
78 267 -1
77 481 -1
80 326 -1
70 249 -1
76 259 -1
71 403 -1
72 381 9742 1387 1429 1387 1830 1063 1905 1831 1405 1057 1907
73 422 -1
82 311 -1
88 303 9450 1064 1691 1446 1108 1758 1380 1228 1155 1143 1734
93 447 6287 1565 1140 1781 1459 1929 1125 1083 1044 1966 1307
98 413 -1
100 256 -1
96 341 5150 1225 1728 1064 1696 1554 1350 1298 1754 1215 1028
97 318 6496 1259 1676 1930 1765 1834 1328 1374 1673 1342 1843
99 211 -1
102 316 7316 1725 1354 1575 1696 1893 1337 1713 1588 1754 1146
27 450 -1
38 444 9067 1635 1646 1522 1009 1056 1482 1137 1482 1634 1002
39 281 -1
44 317 -1
42 229 -1
47 276 -1
51 372 -1
91 481 6130 1035 1288 1060 1002 1899 1382 1712 1563 1399 1912
90 463 -1
89 424 -1
92 429 -1
95 305 7722 1049 1937 1947 1014 1975 1834 1355 1411 1445 1746
103 470 -1
116
0 4 273
0 3 377
1 2 222
1 8 467
2 3 220
3 9 425
4 6 499
5 19 212
5 15 381
6 11 493
7 8 382
7 12 400
9 13 252
9 17 238
10 15 293
10 16 378
11 14 336
12 17 431
13 32 273
14 22 311
15 20 416
16 24 288
17 18 334
17 23 342
18 27 234
19 28 272
20 25 466
20 33 233
21 26 348
21 30 302
22 31 345
23 29 275
24 25 438
26 35 337
28 40 388
29 35 264
29 38 288
30 37 377
31 32 470
32 39 433
33 41 262
33 43 311
33 44 310
34 45 452
34 48 338
35 36 396
36 40 306
37 40 282
40 41 272
40 43 255
40 46 289
42 49 455
45 65 461
46 47 340
46 49 440
46 50 389
48 53 484
49 56 494
50 52 319
51 61 290
52 55 306
53 54 432
54 65 498
54 57 485
55 58 334
56 75 492
57 59 411
58 60 223
59 64 360
60 62 283
61 65 386
62 65 284
62 67 498
63 67 216
63 68 377
64 69 339
66 68 414
66 78 446
67 74 222
68 77 375
69 79 378
69 80 304
70 86 475
70 76 499
71 74 451
71 81 314
72 75 489
72 73 489
73 77 333
74 83 220
75 91 399
75 78 370
76 79 404
79 86 379
80 81 206
81 82 350
82 84 448
83 84 334
83 85 453
84 88 440
85 101 218
85 87 436
86 93 280
87 90 338
87 94 457
88 89 443
92 93 348
94 98 254
94 100 341
95 96 419
96 97 417
97 99 306
98 102 227
99 100 396
101 103 478
101 102 253
