30
2 1 3 25 82 1 6
9 5 7 82 34 3 3 8 4
4 4 13 55 90 2 4 0
5 4 4 71 13 1 8
9 2 11 0 36 3 4 9 8
4 2 2 82 32 1 3
8 8 6 73 65 1 0
8 5 8 13 70 2 4 9
9 7 9 3 66 2 3 0
7 9 3 22 54 2 9 3
3 7 6 4 92 3 6 0 2
2 5 5 12 10 1 6
5 6 5 52 76 3 5 6 1
6 5 4 82 87 3 8 0 6
9 3 3 64 80 1 2
2 2 4 12 44 2 6 0
4 13 10 4 47 3 7 4 5
6 5 8 92 10 3 2 6 3
3 7 6 2 82 2 5 4
8 3 5 101 15 2 5 6
3 7 2 51 68 3 3 2 3
4 5 7 65 34 1 4
7 6 3 10 98 2 4 2
3 6 14 43 24 3 7 1 5
10 5 8 59 89 2 1 6
1 3 9 89 87 2 4 8
2 9 10 67 82 3 1 3 5
5 4 4 12 43 3 1 3 4
2 11 2 82 66 1 2
3 3 5 21 13 3 2 9 6
