10 1
75
24 426 8161 1024 1006 1355 1938 1307 1020 1140 1745 1311 1701
13 474 -1
3 294 5650 1576 1005 1939 1200 1023 1127 1505 1357 1702 1264
11 307 -1
16 275 -1
18 363 -1
17 498 8385 1889 1210 1833 1813 1411 1395 1516 1581 1748 1324
40 237 -1
56 371 -1
0 432 -1
6 363 -1
8 205 8916 1675 1031 1725 1907 1420 1883 1114 1727 1397 1587
15 389 7505 1434 1009 1756 1830 1335 1815 1718 1621 1688 1603
12 318 7124 1360 1485 1093 1974 1108 1344 1021 1502 1148 1261
25 263 5675 1531 1302 1369 1308 1007 1324 1899 1580 1699 1805
29 381 -1
27 353 6898 1143 1877 1650 1198 1030 1923 1048 1966 1650 1947
28 434 5679 1312 1045 1611 1138 1960 1734 1277 1755 1521 1562
32 434 6872 1951 1030 1312 1312 1918 1901 1927 1187 1618 1991
34 200 -1
39 286 -1
38 258 -1
37 325 -1
42 216 8469 1360 1924 1521 1529 1575 1099 1693 1491 1347 1858
41 205 -1
46 352 -1
61 478 -1
49 438 5291 1493 1179 1650 1086 1521 1249 1951 1734 1173 1093
48 230 -1
54 484 -1
65 449 5756 1369 1349 1852 1213 1711 1764 1379 1668 1773 1447
62 373 -1
58 288 -1
64 247 -1
66 326 -1
68 286 -1
67 424 -1
69 214 -1
2 261 -1
5 324 -1
1 276 9623 1073 1175 1302 1460 1464 1160 1456 1623 1707 1004
4 399 -1
9 209 -1
7 297 -1
10 253 -1
14 440 -1
19 436 6174 1992 1907 1717 1083 1836 1044 1835 1614 1386 1298
20 382 5014 1244 1844 1047 1821 1055 1064 1922 1586 1008 1018
21 360 -1
22 477 -1
23 359 -1
26 236 5068 1061 1250 1797 1479 1152 1742 1813 1296 1421 1436
30 419 -1
31 475 -1
36 461 -1
33 344 -1
35 250 9016 1996 1559 1045 1626 1408 1674 1988 1094 1268 1960
43 418 -1
45 201 -1
51 343 -1
47 261 -1
44 357 -1
52 272 -1
57 294 -1
55 337 9477 1700 1768 1690 1938 1560 1606 1699 1794 1463 1457
50 366 7893 1384 1108 1514 1058 1345 1987 1120 1789 1162 1797
53 491 -1
59 315 -1
60 425 -1
63 395 -1
70 282 -1
71 406 5598 1653 1199 1244 1070 1628 1569 1855 1076 1988 1997
74 256 -1
72 319 -1
73 311 6790 1608 1426 1631 1361 1039 1475 1984 1784 1049 1901
99
0 2 450
0 5 224
0 13 426
1 3 483
1 4 271
2 9 367
3 5 274
3 13 233
3 6 282
4 7 204
6 11 415
6 8 378
7 8 435
8 10 346
9 15 281
10 12 426
11 13 219
11 12 252
11 16 216
12 14 235
13 18 476
14 17 408
15 18 412
15 19 239
16 18 353
16 17 269
16 24 245
17 20 330
17 21 445
18 25 411
19 29 336
20 24 381
21 22 499
22 27 211
23 24 221
23 26 477
24 27 396
24 30 240
25 29 432
25 28 213
26 28 445
27 31 499
28 32 299
29 36 233
30 33 467
31 34 360
32 35 303
32 40 434
33 39 414
34 38 262
34 43 390
35 37 210
36 37 456
37 45 296
38 39 315
38 42 272
39 40 474
40 41 428
40 56 456
41 46 219
41 61 372
42 51 442
42 49 239
43 47 371
44 48 326
44 45 316
46 48 450
46 54 212
47 52 495
48 57 343
49 55 366
49 50 476
50 53 236
51 56 272
52 53 360
54 65 408
54 62 242
55 58 472
56 59 389
56 58 497
57 60 441
58 63 353
59 61 334
60 64 477
61 62 400
62 66 307
63 66 237
64 70 472
64 65 376
65 68 392
66 67 463
67 68 286
67 69 460
68 69 264
69 71 474
70 74 436
71 72 472
72 73 435
73 74 439
