30
4 4 8 58 21 3 8 3 1
8 7 5 9 56 2 9 2
11 3 2 54 43 2 9 8
3 13 5 30 10 1 9
8 9 12 58 18 1 9
3 1 8 5 61 2 4 7
2 6 4 60 22 1 3
1 10 12 41 13 3 6 1 9
4 9 3 51 58 3 2 3 5
14 5 12 57 5 2 8 0
10 9 4 10 41 1 2
5 4 7 51 31 2 3 9
12 3 5 37 66 2 5 8
9 8 8 63 51 1 9
7 16 10 11 53 1 6
3 6 7 30 36 3 0 1 4
7 4 7 44 5 2 5 4
4 6 2 33 43 3 8 4 0
5 7 4 59 63 2 6 5
5 12 5 70 43 1 2
6 2 5 43 36 2 3 6
8 8 6 41 37 2 1 4
0 3 2 57 9 2 2 0
2 4 5 66 21 3 4 3 2
7 4 8 38 29 2 2 1
5 6 4 9 60 3 4 6 9
5 6 3 21 58 3 5 1 3
6 13 10 5 7 3 6 2 5
3 9 3 59 16 2 2 6
8 9 3 23 37 3 3 8 1
