10 1
104
40 262 7346 1715 1312 1633 1039 1364 1524 1646 1694 1713 1396
17 215 7894 2000 1332 1987 1892 1014 1454 1473 1073 1096 1090
33 326 6073 1675 1386 1735 1497 1029 1959 1799 1316 1381 1595
46 490 5882 1885 1394 1806 1947 1633 1880 1674 1652 1843 1380
65 389 8662 1942 1494 1085 1553 1836 1736 1924 1950 1606 1851
75 493 7064 1530 1122 1592 1721 1381 1945 1961 1785 1013 1928
3 338 6003 1566 1529 1591 1375 1305 1660 1701 1786 1178 1191
9 323 9073 1987 1369 1067 1546 1280 1785 1037 1930 1410 1578
15 354 8967 1267 1391 1459 1836 1691 1953 1645 1491 1136 1235
32 345 8077 1133 1328 1700 1057 1294 1968 1635 1835 1702 1084
20 417 -1
29 324 -1
35 499 -1
49 399 -1
54 210 -1
62 218 -1
67 422 -1
68 256 -1
69 471 -1
74 479 -1
79 303 -1
86 246 -1
81 378 -1
83 354 -1
84 224 -1
85 306 -1
101 249 -1
87 343 -1
94 323 -1
0 261 -1
4 443 -1
1 494 -1
2 269 -1
8 212 -1
6 450 -1
5 449 -1
19 235 -1
11 460 -1
7 367 -1
12 485 -1
13 460 -1
10 353 -1
16 391 -1
14 431 -1
22 468 -1
24 470 -1
18 467 -1
23 246 -1
28 222 -1
25 249 -1
21 442 -1
26 229 -1
30 268 -1
31 348 -1
37 296 -1
41 242 -1
43 383 -1
34 374 -1
45 355 -1
48 327 -1
36 329 -1
50 250 -1
53 287 -1
56 216 -1
52 348 -1
61 303 -1
55 498 -1
57 461 -1
58 463 -1
59 374 -1
60 342 -1
64 433 -1
63 267 -1
66 397 -1
78 217 -1
77 374 -1
80 268 -1
70 460 -1
76 355 -1
71 234 -1
72 200 -1
73 393 -1
82 281 -1
88 471 -1
93 415 -1
98 465 -1
100 331 -1
96 305 -1
97 255 -1
99 245 -1
102 289 -1
27 416 -1
38 353 -1
39 391 -1
44 283 -1
42 467 -1
47 272 -1
51 206 -1
91 353 -1
90 211 -1
89 351 -1
92 356 -1
95 237 -1
103 421 -1
116
0 4 322
0 3 291
1 2 383
1 8 216
2 3 499
3 9 243
4 6 318
5 19 211
5 15 214
6 11 285
7 8 377
7 12 432
9 13 251
9 17 342
10 15 273
10 16 442
11 14 423
12 17 263
13 32 310
14 22 469
15 20 276
16 24 464
17 18 457
17 23 415
18 27 463
19 28 378
20 25 460
20 33 322
21 26 200
21 30 383
22 31 321
23 29 272
24 25 343
26 35 258
28 40 333
29 35 439
29 38 204
30 37 292
31 32 304
32 39 435
33 41 414
33 43 313
33 44 309
34 45 229
34 48 490
35 36 488
36 40 396
37 40 299
40 41 377
40 43 258
40 46 240
42 49 367
45 65 221
46 47 378
46 49 430
46 50 464
48 53 338
49 56 392
50 52 442
51 61 478
52 55 497
53 54 405
54 65 412
54 57 390
55 58 472
56 75 200
57 59 369
58 60 461
59 64 466
60 62 268
61 65 325
62 65 415
62 67 211
63 67 221
63 68 283
64 69 204
66 68 499
66 78 492
67 74 222
68 77 287
69 79 227
69 80 272
70 86 200
70 76 200
71 74 242
71 81 456
72 75 296
72 73 224
73 77 200
74 83 415
75 91 474
75 78 376
76 79 261
79 86 442
80 81 243
81 82 322
82 84 329
83 84 320
83 85 347
84 88 404
85 101 296
85 87 302
86 93 492
87 90 397
87 94 417
88 89 360
92 93 291
94 98 271
94 100 490
95 96 280
96 97 251
97 99 303
98 102 262
99 100 459
101 103 251
101 102 220
