30
6 6 4 66 87 1 6
4 6 6 1 47 2 9 8
11 1 5 61 76 2 0 5
9 3 5 53 20 2 1 7
9 6 2 53 78 3 8 1 3
11 8 2 102 87 2 7 5
4 2 4 69 26 2 8 1
5 1 4 83 31 2 6 0
5 2 2 8 91 1 6
9 2 5 34 51 3 1 3 9
7 8 6 7 42 1 2
7 5 4 51 18 2 7 6
7 1 4 80 5 3 0 1 5
17 12 9 84 44 2 1 0
2 10 11 66 81 1 3
1 8 5 71 82 3 4 1 4
10 4 9 5 47 2 7 1
4 6 12 64 76 3 9 1 3
3 1 2 56 26 1 6
14 6 9 58 7 3 2 7 8
4 3 4 59 36 1 3
6 14 6 10 72 2 6 2
7 8 4 13 93 2 8 5
5 4 1 44 42 2 2 5
3 8 9 35 60 1 3
2 6 6 18 44 1 8
12 9 4 86 26 2 4 1
7 9 4 73 0 2 2 0
4 9 2 60 79 1 2
11 7 7 72 87 3 4 2 4
