10 2
104
40 202 5360 1728 1099 1707 1711 1196 1236 1254 1928 1052 1323
17 493 6614 1758 1784 1285 1807 1914 1331 1551 1581 1401 1404
33 222 6984 1011 1525 1759 1117 1699 1326 1100 1948 1628 1983
46 366 9667 1671 1828 1176 1262 1067 1926 1875 1666 1588 1304
65 318 7954 1704 1591 1561 1581 1870 1419 1841 1856 1863 1226
75 440 9838 1375 1588 1058 1064 1254 1589 1843 1612 1001 1296
3 316 7054 1642 1099 1922 1023 1319 1711 1058 1283 1468 1351
9 458 5159 1440 1143 1985 1924 1125 1771 1420 1616 1684 1733
15 403 6942 1399 1562 1018 1839 1478 1817 1995 1047 1577 1715
32 316 7198 1939 1853 1944 1763 1604 1496 1169 1436 1058 1607
20 377 6284 1081 1928 1492 1253 1466 1611 1705 1906 1743 1270
29 263 5294 1745 1296 1872 1628 1372 1389 1560 1542 1141 1706
35 313 7263 1940 1953 1008 1353 1550 1685 1279 1093 1671 1182
49 332 9325 1233 1445 1228 1537 1250 1073 1995 1724 1510 1837
54 349 8909 1030 1118 1845 1228 1842 1096 1565 1660 1668 1457
62 240 9009 1114 1252 1289 1090 1780 1418 1374 1340 1882 1916
67 326 5433 1676 1139 1064 1834 1789 1307 1182 1328 1417 1085
68 353 9579 1192 1787 1237 1478 1363 1944 1777 1643 1286 1647
69 201 7060 1925 1437 1864 1042 1074 1104 1325 1346 1350 1771
74 232 6905 1471 1315 1479 1643 1361 1572 1542 1005 1018 1471
79 491 8552 1268 1266 1256 1691 1629 1896 1035 1884 1078 1216
86 494 5060 1520 1866 1789 1977 1070 1627 1106 1682 1397 1668
81 492 9382 1808 1205 1660 1029 1296 1883 1374 1829 1319 1541
83 233 8382 1979 1784 1746 1275 1628 1648 1854 1358 1830 1789
84 201 7657 1410 1187 1898 1056 1183 1882 1879 1032 1531 1518
85 260 8090 1210 1662 1631 1939 1327 1188 1798 1106 1559 1170
101 458 5386 1930 1092 1565 1293 1380 1220 1755 1662 1249 1104
87 390 7495 1024 1594 1204 1519 1827 1624 1203 1498 1289 1932
94 227 8154 1541 1278 1338 1178 1617 1352 1236 1015 1443 1495
0 324 7818 1007 1204 1603 1416 1291 1042 1388 1212 1970 1753
4 444 7831 1633 1598 1978 1149 1026 1051 1816 1060 1902 1237
1 271 -1
2 451 -1
8 308 -1
6 460 -1
5 319 -1
19 452 -1
11 427 -1
7 318 -1
12 261 -1
13 378 -1
10 422 -1
16 475 -1
14 445 -1
22 484 -1
24 456 -1
18 343 -1
23 323 -1
28 347 -1
25 298 -1
21 358 -1
26 376 -1
30 358 -1
31 401 -1
37 388 -1
41 497 -1
43 214 -1
34 366 -1
45 465 -1
48 476 -1
36 479 -1
50 414 -1
53 385 -1
56 283 -1
52 277 -1
61 277 -1
55 496 -1
57 208 -1
58 492 -1
59 439 -1
60 262 -1
64 362 -1
63 225 -1
66 308 -1
78 401 -1
77 394 -1
80 469 -1
70 216 -1
76 492 -1
71 245 -1
72 362 -1
73 444 -1
82 499 -1
88 394 -1
93 252 -1
98 432 -1
100 263 -1
96 373 -1
97 445 -1
99 418 -1
102 248 -1
27 405 -1
38 239 -1
39 455 -1
44 301 -1
42 266 -1
47 460 -1
51 447 -1
91 448 -1
90 218 -1
89 483 -1
92 458 -1
95 406 -1
103 308 -1
116
0 4 330
0 3 248
1 2 411
1 8 366
2 3 294
3 9 410
4 6 419
5 19 237
5 15 497
6 11 333
7 8 384
7 12 296
9 13 316
9 17 394
10 15 273
10 16 430
11 14 492
12 17 352
13 32 391
14 22 276
15 20 272
16 24 375
17 18 353
17 23 374
18 27 356
19 28 417
20 25 209
20 33 252
21 26 244
21 30 286
22 31 372
23 29 354
24 25 393
26 35 286
28 40 244
29 35 302
29 38 395
30 37 298
31 32 307
32 39 476
33 41 495
33 43 457
33 44 240
34 45 247
34 48 382
35 36 408
36 40 237
37 40 313
40 41 244
40 43 385
40 46 291
42 49 478
45 65 429
46 47 342
46 49 201
46 50 267
48 53 411
49 56 475
50 52 468
51 61 391
52 55 463
53 54 292
54 65 459
54 57 365
55 58 400
56 75 380
57 59 344
58 60 466
59 64 278
60 62 315
61 65 451
62 65 431
62 67 383
63 67 236
63 68 379
64 69 210
66 68 402
66 78 402
67 74 304
68 77 372
69 79 435
69 80 343
70 86 368
70 76 490
71 74 226
71 81 355
72 75 409
72 73 486
73 77 369
74 83 474
75 91 220
75 78 402
76 79 457
79 86 455
80 81 489
81 82 493
82 84 377
83 84 245
83 85 474
84 88 346
85 101 306
85 87 293
86 93 418
87 90 259
87 94 257
88 89 450
92 93 251
94 98 335
94 100 371
95 96 361
96 97 275
97 99 361
98 102 482
99 100 361
101 103 276
101 102 218
