30
2 6 6 58 103 1 2
5 6 2 36 44 3 1 9 5
6 4 5 60 30 3 4 7 6
3 7 10 22 80 2 3 8
7 5 7 5 44 1 8
1 7 6 13 44 1 1
2 6 4 7 47 1 6
7 9 14 8 100 3 6 9 0
7 7 7 56 7 3 5 6 5
4 7 7 25 14 1 9
6 1 6 2 102 3 9 0 1
4 4 7 6 25 3 4 0 6
3 3 12 82 78 1 3
5 7 2 6 7 2 9 3
13 2 5 27 78 3 6 9 3
8 11 6 82 103 2 2 7
2 1 8 57 100 2 5 3
2 8 8 24 57 2 6 8
8 6 14 72 14 3 0 6 7
12 8 2 59 5 3 1 3 6
9 6 12 10 34 1 3
10 5 2 63 43 1 6
1 8 3 103 10 2 8 1
6 6 7 41 56 1 9
16 12 7 19 77 1 1
3 10 4 78 66 2 6 2
7 10 2 48 8 1 3
4 12 8 52 78 1 6
8 2 5 50 66 3 8 6 0
4 5 12 50 51 1 4
