10 4
75
24 317 8058 1968 1413 1837 1526 1371 1567 1118 1454 1775 1113
13 239 5390 1433 1143 1541 1476 1122 1071 1659 1688 1699 1439
3 346 8481 1056 1295 1382 1426 1908 1428 1858 1505 1195 1532
11 238 8802 1750 1783 1822 1883 1617 1929 1232 1014 1335 1079
16 320 8751 1388 1293 1009 1048 1989 1038 1991 1114 1918 1641
18 451 9744 1131 1744 1834 1601 1867 1825 1032 1966 1314 1204
17 301 6129 1126 1831 1355 1704 1891 1952 1410 1240 1072 1815
40 410 -1
56 265 -1
0 403 -1
6 442 -1
8 296 -1
15 218 -1
12 383 -1
25 493 -1
29 200 -1
27 470 -1
28 214 -1
32 426 -1
34 440 -1
39 238 -1
38 467 -1
37 354 -1
42 493 -1
41 279 -1
46 497 -1
61 390 -1
49 407 -1
48 290 -1
54 224 -1
65 363 -1
62 216 -1
58 331 -1
64 411 -1
66 296 -1
68 380 -1
67 365 -1
69 491 -1
2 371 -1
5 395 -1
1 220 -1
4 323 -1
9 331 -1
7 406 -1
10 228 -1
14 367 -1
19 292 -1
20 285 -1
21 369 -1
22 418 -1
23 455 -1
26 444 -1
30 342 -1
31 463 -1
36 376 -1
33 472 -1
35 249 -1
43 296 -1
45 303 -1
51 366 -1
47 423 -1
44 419 -1
52 460 -1
57 255 -1
55 213 -1
50 397 -1
53 491 -1
59 313 -1
60 265 -1
63 339 -1
70 380 -1
71 244 -1
74 202 -1
72 494 -1
73 499 -1
99
0 2 230
0 5 352
0 13 259
1 3 260
1 4 263
2 9 340
3 5 444
3 13 460
3 6 279
4 7 210
6 11 280
6 8 281
7 8 477
8 10 317
9 15 487
10 12 211
11 13 453
11 12 394
11 16 293
12 14 378
13 18 302
14 17 368
15 18 371
15 19 347
16 18 382
16 17 221
16 24 361
17 20 457
17 21 227
18 25 370
19 29 241
20 24 468
21 22 379
22 27 473
23 24 278
23 26 210
24 27 294
24 30 233
25 29 363
25 28 221
26 28 384
27 31 269
28 32 452
29 36 370
30 33 392
31 34 301
32 35 383
32 40 337
33 39 278
34 38 283
34 43 481
35 37 303
36 37 433
37 45 210
38 39 423
38 42 228
39 40 377
40 41 309
40 56 478
41 46 208
41 61 258
42 51 200
42 49 299
43 47 465
44 48 344
44 45 449
46 48 340
46 54 422
47 52 306
48 57 303
49 55 223
49 50 289
50 53 398
51 56 320
52 53 383
54 65 429
54 62 257
55 58 309
56 59 382
56 58 234
57 60 398
58 63 363
59 61 444
60 64 241
61 62 429
62 66 426
63 66 322
64 70 478
64 65 302
65 68 299
66 67 463
67 68 468
67 69 467
68 69 296
69 71 242
70 74 234
71 72 496
72 73 371
73 74 331
