30
6 5 7 9 52 1 1
4 7 13 22 7 3 2 9 1
7 4 6 34 70 2 9 7
6 6 3 45 53 1 4
7 5 3 64 0 3 2 1 6
11 7 1 19 59 3 7 3 0
9 19 4 20 38 3 0 3 7
9 4 3 49 8 3 0 8 3
6 11 9 64 28 2 4 2
9 4 5 37 9 3 0 5 7
13 5 11 72 8 2 1 7
5 6 13 45 28 1 6
1 6 11 7 36 2 5 2
4 3 5 71 34 3 9 8 4
7 3 6 66 28 1 5
9 4 6 22 42 3 5 1 0
3 12 9 14 47 1 0
5 6 4 5 36 3 1 5 6
6 1 9 51 56 1 4
8 9 6 59 45 2 8 9
3 11 2 42 34 1 9
2 9 8 27 7 2 5 1
7 5 10 8 51 3 2 1 2
1 4 11 26 15 2 7 6
7 7 3 71 50 3 1 3 5
12 2 6 14 40 2 4 6
5 8 6 32 35 3 1 9 5
6 8 11 73 43 3 2 1 6
2 4 5 33 8 1 4
2 12 22 35 14 2 0 6
