10 1
75
24 273 5592 1181 1926 1740 1355 1947 1104 1649 1621 1583 1188
13 344 6194 1030 1752 1568 1475 1193 1995 1059 1326 1078 1965
3 411 8431 1068 1518 1465 1347 1289 1442 1246 1778 1450 1211
11 394 9383 1827 1336 1777 1929 1033 1859 1002 1052 1940 1930
16 345 5862 1633 1983 1241 1422 1121 1887 1815 1007 1136 1805
18 205 5146 1995 1165 1785 1568 1559 1092 1510 1536 1154 1234
17 433 5413 1940 1320 1575 1734 1103 1632 1554 1376 1976 1113
40 474 5449 1005 1344 1708 1543 1308 1274 1538 1009 1842 1067
56 450 9609 1905 1928 1986 1579 1767 1389 1706 1655 1343 1018
0 468 7640 1904 1580 1943 1668 1015 1879 1665 1350 1745 1477
6 428 8207 1396 1101 1764 1969 1485 1691 1921 1413 1006 1867
8 310 7916 1395 1222 1146 1259 1914 1853 1828 1544 1400 1959
15 491 6090 1706 1619 1865 1172 1296 1299 1733 1947 1958 1732
12 309 9838 1414 1535 1485 1480 1418 1096 1145 1813 1728 1919
25 343 6683 1380 1505 1113 1684 1604 1094 1809 1225 1601 1228
29 417 9505 1708 1111 1746 1257 1065 1120 1486 1755 1857 1955
27 440 9673 1882 1192 1403 1275 1788 1597 1454 1115 1703 1554
28 275 7945 1485 1367 1527 1201 1180 1157 1519 1833 1899 1848
32 495 5549 1153 1135 1782 1774 1803 1545 1237 1315 1659 1439
34 238 9900 1990 1034 1850 1788 1415 1121 1817 1089 1990 1607
39 376 8690 1860 1816 1628 1800 1615 1930 1599 1805 1827 1132
38 203 9009 1002 1608 1077 1667 1772 1048 1382 1299 1935 1855
37 304 -1
42 209 -1
41 212 -1
46 369 -1
61 307 -1
49 233 -1
48 377 -1
54 238 -1
65 274 -1
62 410 -1
58 461 -1
64 203 -1
66 269 -1
68 335 -1
67 214 -1
69 479 -1
2 348 -1
5 273 -1
1 473 -1
4 469 -1
9 293 -1
7 451 -1
10 238 -1
14 405 -1
19 341 -1
20 276 -1
21 254 -1
22 351 -1
23 324 -1
26 389 -1
30 438 -1
31 345 -1
36 208 -1
33 496 -1
35 274 -1
43 361 -1
45 449 -1
51 275 -1
47 426 -1
44 369 -1
52 293 -1
57 205 -1
55 223 -1
50 214 -1
53 421 -1
59 260 -1
60 226 -1
63 273 -1
70 356 -1
71 368 -1
74 472 -1
72 431 -1
73 487 -1
99
0 2 391
0 5 290
0 13 300
1 3 211
1 4 363
2 9 457
3 5 357
3 13 447
3 6 335
4 7 364
6 11 334
6 8 402
7 8 439
8 10 360
9 15 415
10 12 318
11 13 454
11 12 211
11 16 345
12 14 384
13 18 426
14 17 499
15 18 209
15 19 287
16 18 290
16 17 446
16 24 483
17 20 354
17 21 214
18 25 474
19 29 345
20 24 225
21 22 452
22 27 369
23 24 246
23 26 226
24 27 413
24 30 263
25 29 336
25 28 441
26 28 302
27 31 304
28 32 472
29 36 336
30 33 409
31 34 438
32 35 340
32 40 338
33 39 217
34 38 220
34 43 430
35 37 345
36 37 312
37 45 281
38 39 303
38 42 453
39 40 478
40 41 474
40 56 201
41 46 498
41 61 495
42 51 371
42 49 267
43 47 408
44 48 428
44 45 488
46 48 422
46 54 264
47 52 292
48 57 206
49 55 456
49 50 482
50 53 205
51 56 409
52 53 363
54 65 497
54 62 373
55 58 229
56 59 370
56 58 375
57 60 252
58 63 347
59 61 408
60 64 421
61 62 308
62 66 240
63 66 359
64 70 390
64 65 454
65 68 449
66 67 390
67 68 401
67 69 277
68 69 306
69 71 359
70 74 449
71 72 433
72 73 323
73 74 383
