30
5 1 4 42 48 3 7 5 0
6 4 5 69 57 2 2 6
17 2 4 45 69 1 0
10 7 13 1 65 1 7
12 9 4 52 35 1 5
4 4 10 37 47 3 6 0 4
6 3 2 67 53 2 9 3
11 3 8 73 10 2 8 2
9 6 8 37 1 3 7 9 5
3 3 23 66 74 1 2
5 14 11 33 52 2 9 7
6 2 12 58 74 3 3 2 0
6 9 2 70 7 3 0 1 5
9 1 4 54 35 1 6
3 7 2 42 53 3 7 5 6
7 4 11 66 54 2 7 5
15 3 5 58 43 1 6
12 13 6 57 69 1 8
8 6 7 22 63 2 9 5
8 13 5 14 69 1 7
6 4 1 60 26 1 2
13 7 2 52 50 1 3
6 7 5 48 61 3 2 0 7
4 13 11 5 69 3 2 1 2
3 10 5 65 67 3 4 5 2
4 3 4 1 50 1 6
4 7 7 51 61 3 7 2 7
7 3 8 61 37 3 0 4 8
3 1 10 33 52 3 8 5 2
13 3 8 22 70 2 7 9
