30
14 4 4 12 8 2 4 0
3 5 3 7 5 1 4
14 5 1 4 8 3 0 4 1
1 6 5 11 3 2 3 0
9 11 16 4 0 3 3 4 3
4 3 5 1 7 2 3 1
8 3 5 5 3 2 2 4
5 9 6 12 5 1 4
12 7 1 1 0 2 3 0
14 1 5 11 8 2 4 2
3 8 6 5 4 3 4 2 3
5 0 1 8 4 1 0
6 2 6 8 11 3 1 0 1
4 2 7 3 12 2 2 1
1 4 7 5 12 2 4 1
6 9 8 7 4 2 4 1
7 4 4 5 7 2 3 4
6 9 7 4 12 1 1
4 3 4 12 3 3 1 0 4
9 7 5 3 12 3 1 2 4
11 7 9 11 7 1 3
4 3 9 11 8 2 3 0
14 5 8 12 11 3 0 3 4
6 8 4 3 1 1 3
3 6 3 1 3 3 4 3 1
10 6 7 7 3 2 0 3
8 4 11 3 8 3 0 1 2
9 3 9 3 1 3 3 2 1
8 7 5 5 1 1 3
4 3 3 9 8 3 3 4 1
