10 1
75
24 231 5836 1593 1348 1350 1024 1367 1040 1425 1167 1734 1193
13 419 6423 1339 1044 1895 1611 1579 1853 1554 1326 1821 1658
3 388 5184 1936 1192 1099 1897 1759 1032 1865 1464 1843 1363
11 475 6698 1029 1846 1880 1689 1349 1468 1555 1362 1885 1875
16 287 9672 1843 1557 1766 1944 1565 1686 1156 1366 1528 1146
18 350 6310 1604 1797 1464 1504 1576 1809 1488 1603 1565 1188
17 462 8365 1915 1129 1876 1328 1533 1971 1739 1154 1722 1318
40 329 5871 1591 1411 1244 1553 1525 1340 1338 1763 1219 1040
56 269 6924 1753 1940 1212 1387 1710 1857 1773 1728 1978 1665
0 489 9046 1593 1913 1491 1831 1925 1908 1682 1236 1845 1744
6 424 6283 1087 1262 1211 1826 1315 1106 1411 1616 1603 1047
8 388 6772 1547 1162 1739 1240 1810 1069 1241 1959 1561 1642
15 216 7931 1981 1974 1245 1732 1759 1412 1871 1905 1853 1791
12 303 8676 1109 1424 1535 1452 1648 1784 1218 1057 1651 1396
25 262 7942 1405 1863 1942 1287 1918 1634 1055 1439 1870 1522
29 283 7543 1478 1217 1319 1081 1587 1181 1101 1876 1995 1754
27 314 7140 1429 1624 1793 1669 1934 1680 1181 1883 1449 1495
28 244 6560 1149 1483 1653 1336 1818 1162 1786 1173 1151 1080
32 337 9531 1994 1117 1982 1086 1208 1159 1852 1421 1420 1775
34 374 9319 1459 1161 1171 1108 1995 1322 1175 1420 1649 1508
39 299 9144 1596 1288 1071 1703 1802 1366 1281 1736 1550 1254
38 231 9458 1219 1418 1358 1184 1576 1259 1712 1086 1254 1506
37 487 -1
42 282 -1
41 286 -1
46 391 -1
61 345 -1
49 384 -1
48 467 -1
54 227 -1
65 228 -1
62 464 -1
58 335 -1
64 413 -1
66 385 -1
68 262 -1
67 222 -1
69 379 -1
2 203 -1
5 275 -1
1 261 -1
4 412 -1
9 404 -1
7 497 -1
10 273 -1
14 468 -1
19 275 -1
20 387 -1
21 230 -1
22 263 -1
23 470 -1
26 204 -1
30 459 -1
31 375 -1
36 498 -1
33 266 -1
35 442 -1
43 470 -1
45 324 -1
51 223 -1
47 208 -1
44 223 -1
52 382 -1
57 258 -1
55 456 -1
50 372 -1
53 355 -1
59 428 -1
60 344 -1
63 382 -1
70 477 -1
71 221 -1
74 356 -1
72 403 -1
73 285 -1
99
0 2 375
0 5 459
0 13 291
1 3 284
1 4 334
2 9 465
3 5 257
3 13 421
3 6 308
4 7 438
6 11 271
6 8 281
7 8 241
8 10 342
9 15 452
10 12 498
11 13 407
11 12 403
11 16 350
12 14 349
13 18 229
14 17 367
15 18 368
15 19 263
16 18 301
16 17 359
16 24 483
17 20 336
17 21 323
18 25 397
19 29 494
20 24 409
21 22 300
22 27 489
23 24 216
23 26 278
24 27 470
24 30 308
25 29 371
25 28 365
26 28 285
27 31 339
28 32 363
29 36 445
30 33 328
31 34 310
32 35 331
32 40 400
33 39 327
34 38 443
34 43 397
35 37 460
36 37 341
37 45 395
38 39 301
38 42 324
39 40 438
40 41 437
40 56 209
41 46 220
41 61 322
42 51 413
42 49 296
43 47 325
44 48 223
44 45 439
46 48 328
46 54 267
47 52 348
48 57 313
49 55 319
49 50 328
50 53 311
51 56 326
52 53 468
54 65 280
54 62 346
55 58 313
56 59 404
56 58 458
57 60 329
58 63 373
59 61 428
60 64 473
61 62 417
62 66 340
63 66 225
64 70 387
64 65 302
65 68 311
66 67 326
67 68 456
67 69 306
68 69 421
69 71 214
70 74 380
71 72 251
72 73 480
73 74 234
