30
6 9 14 10 52 1 8
7 17 6 2 41 1 5
11 1 13 54 64 3 3 5 4
6 8 8 66 22 2 7 8
2 3 14 30 62 1 2
11 4 7 73 37 3 5 9 3
2 8 3 2 71 2 6 8
6 3 1 52 51 2 8 6
8 9 8 49 59 1 7
12 2 3 23 26 3 8 5 0
6 5 5 57 60 3 0 2 5
6 3 12 20 65 2 2 7
13 3 13 20 21 3 7 4 1
10 5 11 54 55 3 9 2 1
8 5 8 35 30 1 1
5 10 12 71 37 2 2 0
2 7 3 4 74 1 1
3 4 7 48 31 2 0 4
11 6 10 4 55 2 8 5
4 4 10 54 68 2 6 7
5 1 6 70 50 2 6 4
7 1 4 4 64 2 2 7
10 10 8 44 20 2 5 0
5 7 4 42 71 2 0 6
4 6 4 36 46 3 9 8 5
3 5 7 10 23 3 8 4 9
4 7 12 45 54 1 2
1 5 3 54 7 3 8 4 5
8 5 2 7 43 2 6 8
7 7 5 9 14 3 8 9 2
