10 2
75
24 222 6640 1086 1280 1720 1024 1860 1485 1956 1474 1209 1505
13 465 8460 1705 1627 1606 1726 1762 1532 1775 1117 1224 1132
3 459 9351 1958 1237 1532 1226 1138 1079 1451 1321 1384 1952
11 232 7485 1190 1931 1938 1646 1871 1775 1778 1999 1872 1475
16 306 5549 1964 1816 1743 1097 1221 1630 1659 1719 1223 1665
18 240 8784 1450 1574 1461 1609 1250 1670 1034 1484 1910 1750
17 303 5333 1686 1259 1331 1020 1953 1590 1016 1280 1992 1224
40 201 -1
56 334 -1
0 357 -1
6 371 -1
8 419 -1
15 358 -1
12 385 -1
25 200 -1
29 222 -1
27 282 -1
28 337 -1
32 217 -1
34 472 -1
39 312 -1
38 328 -1
37 322 -1
42 469 -1
41 367 -1
46 274 -1
61 211 -1
49 205 -1
48 271 -1
54 209 -1
65 392 -1
62 432 -1
58 449 -1
64 368 -1
66 307 -1
68 222 -1
67 214 -1
69 418 -1
2 462 -1
5 228 -1
1 280 -1
4 248 -1
9 260 -1
7 384 -1
10 429 -1
14 347 -1
19 376 -1
20 372 -1
21 292 -1
22 436 -1
23 409 -1
26 379 -1
30 417 -1
31 311 -1
36 419 -1
33 263 -1
35 319 -1
43 343 -1
45 328 -1
51 285 -1
47 230 -1
44 284 -1
52 301 -1
57 308 -1
55 272 -1
50 424 -1
53 465 -1
59 276 -1
60 416 -1
63 483 -1
70 384 -1
71 436 -1
74 443 -1
72 208 -1
73 366 -1
99
0 2 359
0 5 213
0 13 466
1 3 302
1 4 326
2 9 226
3 5 336
3 13 313
3 6 304
4 7 298
6 11 328
6 8 390
7 8 470
8 10 366
9 15 200
10 12 324
11 13 309
11 12 481
11 16 382
12 14 361
13 18 334
14 17 230
15 18 204
15 19 211
16 18 430
16 17 467
16 24 297
17 20 304
17 21 488
18 25 483
19 29 490
20 24 244
21 22 461
22 27 384
23 24 420
23 26 325
24 27 242
24 30 250
25 29 202
25 28 200
26 28 388
27 31 282
28 32 254
29 36 324
30 33 333
31 34 305
32 35 345
32 40 258
33 39 414
34 38 402
34 43 201
35 37 230
36 37 363
37 45 245
38 39 407
38 42 332
39 40 467
40 41 418
40 56 253
41 46 271
41 61 385
42 51 243
42 49 391
43 47 357
44 48 293
44 45 304
46 48 377
46 54 402
47 52 471
48 57 390
49 55 319
49 50 211
50 53 402
51 56 279
52 53 411
54 65 291
54 62 471
55 58 468
56 59 201
56 58 242
57 60 391
58 63 246
59 61 462
60 64 224
61 62 464
62 66 470
63 66 236
64 70 448
64 65 413
65 68 328
66 67 469
67 68 445
67 69 499
68 69 394
69 71 382
70 74 467
71 72 415
72 73 347
73 74 309
