30
3 8 8 69 74 1 1
3 5 2 69 61 2 4 6
9 2 4 15 52 1 3
10 6 7 0 62 2 7 0
3 7 2 48 63 3 5 3 8
2 1 9 52 37 1 9
4 9 5 1 29 2 1 2
4 12 4 32 58 1 0
8 5 2 69 27 2 3 8
3 7 14 52 19 2 0 4
3 5 3 5 60 2 3 8
14 4 9 46 60 2 7 9
4 6 4 38 19 1 3
14 5 3 26 19 3 5 3 0
8 5 7 23 44 2 9 4
9 5 6 21 44 3 8 5 3
13 8 9 67 68 2 1 7
7 6 4 62 36 3 3 6 1
4 6 5 54 38 2 9 7
1 5 13 73 32 2 5 7
1 4 10 71 30 2 7 8
2 5 5 42 4 1 5
12 4 2 66 53 2 7 2
6 5 8 23 4 3 9 3 5
6 6 6 65 6 1 5
3 6 4 7 61 2 2 5
3 1 9 9 49 1 1
6 6 2 9 15 1 9
9 4 17 49 62 2 1 6
4 4 8 73 53 3 6 2 4
