10 1
104
40 408 -1
17 332 -1
33 321 -1
46 326 -1
65 266 -1
75 232 -1
3 436 -1
9 297 -1
15 252 -1
32 311 -1
20 263 -1
29 469 -1
35 456 -1
49 425 -1
54 404 -1
62 268 -1
67 385 -1
68 494 -1
69 438 -1
74 481 -1
79 207 -1
86 286 -1
81 249 -1
83 214 -1
84 228 -1
85 449 -1
101 309 -1
87 497 -1
94 308 -1
0 412 -1
4 332 -1
1 228 -1
2 205 -1
8 334 -1
6 405 -1
5 496 -1
19 351 -1
11 260 -1
7 477 -1
12 491 -1
13 415 -1
10 498 -1
16 305 -1
14 271 -1
22 255 -1
24 474 -1
18 247 -1
23 487 -1
28 246 -1
25 383 -1
21 295 -1
26 386 -1
30 211 -1
31 203 -1
37 288 -1
41 415 -1
43 235 -1
34 460 -1
45 218 -1
48 465 -1
36 227 -1
50 295 -1
53 476 -1
56 433 -1
52 218 -1
61 353 -1
55 422 -1
57 205 -1
58 203 -1
59 288 -1
60 327 -1
64 272 -1
63 428 8125 1060 1394 1282 1904 1088 1871 1127 1685 1971 1028
66 410 9788 1449 1164 1963 1444 1284 1406 1700 1062 1925 1979
78 248 9594 1569 1248 1928 1878 1591 1618 1272 1232 1090 1840
77 267 9713 1326 1286 1767 1505 1472 1743 1173 1383 1953 1214
80 222 8997 1621 1456 1252 1997 1342 1852 1997 1937 1626 1620
70 299 8800 1486 1450 1844 1078 1131 1481 1006 1282 1833 1577
76 209 7200 1449 1124 1966 1348 1165 1623 1782 1246 1686 1368
71 233 8796 1719 1885 1151 1742 1818 1770 1441 1218 1907 1618
72 463 9986 1505 1981 1562 1660 1251 1733 1772 1618 1986 1926
73 454 6489 1286 1408 1885 1219 1135 1140 1302 1394 1855 1703
82 401 8789 1713 1790 1759 1492 1531 1313 1768 1261 1735 1780
88 315 9429 1772 1046 1405 1785 1969 1562 1687 1425 1114 1293
93 457 9208 1783 1319 1468 1444 1266 1528 1589 1114 1991 1105
98 362 6707 1063 1725 1765 1256 1705 1518 1069 1896 1628 1959
100 295 7652 1444 1816 1437 1690 1368 1144 1479 1363 1341 1795
96 253 9804 1835 1631 1275 1838 1412 1241 1685 1469 1149 1433
97 465 7112 1726 1892 1567 1868 1615 1477 1398 1838 1356 1211
99 309 7871 1165 1463 1549 1072 1117 1375 1268 1034 1031 1882
102 220 7937 1555 1700 1925 1542 1218 1729 1856 1397 1641 1452
27 487 8540 1537 1191 1708 1744 1441 1995 1644 1065 1724 1916
38 345 7820 1227 1740 1415 1028 1419 1254 1351 1540 1268 1412
39 331 5778 1309 1867 1589 1430 1080 1170 1548 1503 1169 1944
44 482 7150 1432 1616 1951 1612 1216 1625 1565 1619 1714 1087
42 439 9110 1389 1823 1136 1808 1758 1902 1716 1007 1721 1565
47 425 7055 1181 1557 1789 1540 1997 1157 1209 1278 1879 1216
51 392 5242 1957 1965 1249 1765 1867 1164 1303 1798 1861 1750
91 359 5477 1253 1744 1057 1533 1953 1563 1093 1173 1281 1728
90 412 9439 1650 1651 1482 1298 1241 1629 1332 1081 1456 1330
89 461 7471 1466 1530 1251 1266 1861 1133 1319 1486 1021 1922
92 462 7012 1011 1194 1690 1468 1482 1570 1134 1599 1906 1361
95 347 5535 1917 1307 1998 1645 1016 1022 1465 1098 1897 1380
103 417 5320 1251 1278 1474 1609 1722 1167 1992 1950 1197 1315
116
0 4 450
0 3 272
1 2 395
1 8 278
2 3 310
3 9 276
4 6 370
5 19 351
5 15 208
6 11 376
7 8 266
7 12 324
9 13 328
9 17 276
10 15 471
10 16 451
11 14 281
12 17 207
13 32 266
14 22 406
15 20 486
16 24 431
17 18 455
17 23 294
18 27 255
19 28 316
20 25 374
20 33 353
21 26 436
21 30 470
22 31 268
23 29 420
24 25 350
26 35 224
28 40 402
29 35 385
29 38 378
30 37 477
31 32 241
32 39 320
33 41 373
33 43 396
33 44 438
34 45 423
34 48 213
35 36 481
36 40 296
37 40 468
40 41 376
40 43 440
40 46 211
42 49 346
45 65 311
46 47 473
46 49 359
46 50 333
48 53 426
49 56 274
50 52 394
51 61 335
52 55 486
53 54 292
54 65 367
54 57 210
55 58 296
56 75 409
57 59 219
58 60 298
59 64 458
60 62 313
61 65 319
62 65 316
62 67 415
63 67 298
63 68 278
64 69 458
66 68 366
66 78 331
67 74 280
68 77 298
69 79 321
69 80 470
70 86 342
70 76 227
71 74 465
71 81 263
72 75 287
72 73 325
73 77 445
74 83 398
75 91 473
75 78 380
76 79 432
79 86 303
80 81 216
81 82 425
82 84 388
83 84 300
83 85 257
84 88 495
85 101 474
85 87 413
86 93 391
87 90 203
87 94 370
88 89 442
92 93 358
94 98 238
94 100 351
95 96 316
96 97 245
97 99 280
98 102 390
99 100 270
101 103 479
101 102 429
