30
2 2 7 46 81 3 8 2 8
4 5 12 21 24 2 8 1
4 12 8 62 56 1 8
13 8 2 18 31 2 7 0
2 3 6 5 11 1 4
7 4 5 59 81 2 9 1
4 4 4 37 5 3 3 6 8
11 8 7 86 84 2 5 0
3 7 6 65 22 1 4
8 7 5 57 10 2 6 5
4 3 10 2 3 3 8 3 5
4 2 10 79 26 3 0 4 9
4 4 8 41 15 1 2
2 4 9 86 28 3 7 4 8
4 4 4 8 20 3 9 0 4
12 6 6 62 64 3 4 3 5
4 8 4 6 0 2 1 3
4 4 9 64 14 3 5 8 9
9 9 4 22 2 3 1 6 2
7 6 5 29 40 3 7 1 3
3 12 4 87 6 3 6 4 3
7 9 4 81 16 1 7
8 6 6 54 61 3 4 3 1
1 7 16 26 52 1 7
7 3 5 6 67 2 7 2
12 4 4 1 46 2 0 3
5 3 6 53 86 2 8 3
3 6 6 58 64 2 9 5
7 4 1 20 15 3 4 8 9
6 7 11 34 9 1 1
