10 1
104
40 395 6489 1588 1804 1163 1034 1053 1845 1076 1015 1883 1201
17 299 6242 1558 1967 1150 1634 1971 1436 1804 1721 1447 1910
33 236 8609 1341 1800 1863 1786 1715 1978 1392 1212 1659 1284
46 338 9546 1363 1928 1875 1344 1257 1258 1994 1378 1732 1820
65 475 5688 1246 1492 1438 1341 1909 1413 1621 1259 1927 1275
75 431 7912 1388 1741 1587 1556 1400 1798 1618 1229 1520 1627
3 494 7018 1413 1985 1155 1077 1831 1458 1945 1358 1516 1286
9 280 8508 1990 1995 1194 1691 1207 1475 1869 1769 1497 1874
15 343 7599 1681 1339 1033 1750 1225 1308 1890 1750 1491 1917
32 229 6467 1786 1040 1235 1803 1314 1761 1557 1313 1598 1942
20 235 8969 1195 1061 1413 1254 1115 1138 1718 1042 1033 1243
29 470 6641 1272 1372 1791 1315 1947 1577 1926 1529 1324 1711
35 367 9233 1706 1659 1228 1168 1984 1602 1544 1898 1996 1939
49 467 9996 1032 1081 1459 1656 1421 1537 1584 1631 1039 1416
54 220 5783 1471 1703 1321 1696 1981 1137 1387 1110 1692 1729
62 489 9930 1603 1238 1422 1961 1536 1374 1248 1260 1287 1558
67 238 9062 1673 1183 1518 1718 1073 1007 1441 1028 1025 1953
68 332 7126 1984 1701 1800 1557 1376 1992 1567 1332 1894 1174
69 247 6052 1951 1991 1258 1079 1983 1362 1032 1208 1910 1600
74 354 6885 1360 1211 1011 1110 1382 1216 1542 1707 1496 1369
79 448 9565 1672 1543 1611 1718 1897 1619 1950 1386 1798 1806
86 321 5090 1359 1984 1119 1671 1648 1581 1671 1689 1234 1004
81 362 5206 1370 1411 1754 1368 1843 1978 1411 1134 1560 1165
83 400 7973 1689 1184 1021 1054 1041 1182 1718 1873 1397 1819
84 226 6931 1943 1707 1826 1450 1194 1850 1729 1535 1200 1556
85 401 9804 1634 1678 1499 1186 1874 1370 1643 1098 1912 1980
101 296 5565 1999 1210 1756 1966 1385 1498 1287 1875 1753 1108
87 477 8649 1534 1538 1213 1268 1057 1923 1996 1873 1635 1046
94 232 5455 1902 1194 1154 1722 1471 1310 1361 1902 1517 1554
0 488 7467 1498 1419 1842 1049 1541 1853 1843 1588 1689 1571
4 427 9339 1710 1492 1177 1047 1557 1795 1426 1759 1189 1754
1 272 -1
2 341 -1
8 402 -1
6 204 -1
5 218 -1
19 484 -1
11 334 -1
7 255 -1
12 371 -1
13 443 -1
10 328 -1
16 387 -1
14 417 -1
22 260 -1
24 348 -1
18 478 -1
23 251 -1
28 440 -1
25 434 -1
21 289 -1
26 481 -1
30 468 -1
31 222 -1
37 385 -1
41 408 -1
43 444 -1
34 248 -1
45 347 -1
48 482 -1
36 461 -1
50 335 -1
53 427 -1
56 278 -1
52 326 -1
61 310 -1
55 394 -1
57 382 -1
58 218 -1
59 379 -1
60 363 -1
64 483 -1
63 416 -1
66 274 -1
78 425 -1
77 457 -1
80 443 -1
70 326 -1
76 484 -1
71 490 -1
72 389 -1
73 362 -1
82 307 -1
88 284 -1
93 246 -1
98 418 -1
100 251 -1
96 222 -1
97 455 -1
99 450 -1
102 374 -1
27 425 -1
38 236 -1
39 410 -1
44 439 -1
42 337 -1
47 452 -1
51 461 -1
91 449 -1
90 284 -1
89 312 -1
92 430 -1
95 288 -1
103 404 -1
116
0 4 343
0 3 454
1 2 269
1 8 453
2 3 459
3 9 344
4 6 435
5 19 265
5 15 361
6 11 426
7 8 336
7 12 240
9 13 284
9 17 263
10 15 388
10 16 214
11 14 335
12 17 382
13 32 359
14 22 250
15 20 383
16 24 201
17 18 495
17 23 424
18 27 257
19 28 229
20 25 339
20 33 469
21 26 471
21 30 328
22 31 460
23 29 275
24 25 249
26 35 350
28 40 419
29 35 204
29 38 291
30 37 219
31 32 407
32 39 448
33 41 387
33 43 241
33 44 408
34 45 342
34 48 363
35 36 382
36 40 259
37 40 226
40 41 471
40 43 490
40 46 394
42 49 314
45 65 359
46 47 273
46 49 408
46 50 314
48 53 285
49 56 477
50 52 469
51 61 446
52 55 242
53 54 438
54 65 221
54 57 259
55 58 465
56 75 497
57 59 463
58 60 248
59 64 353
60 62 456
61 65 256
62 65 439
62 67 341
63 67 443
63 68 463
64 69 452
66 68 368
66 78 479
67 74 200
68 77 222
69 79 276
69 80 330
70 86 472
70 76 340
71 74 330
71 81 478
72 75 225
72 73 386
73 77 333
74 83 286
75 91 444
75 78 321
76 79 280
79 86 393
80 81 289
81 82 362
82 84 253
83 84 328
83 85 317
84 88 499
85 101 200
85 87 265
86 93 398
87 90 341
87 94 421
88 89 431
92 93 397
94 98 251
94 100 389
95 96 414
96 97 337
97 99 205
98 102 261
99 100 385
101 103 217
101 102 332
