30
1 2 9 6 56 2 2 0
6 4 6 61 98 2 1 0
10 7 4 76 23 2 4 3
3 3 10 90 41 2 2 9
7 9 6 71 21 3 4 8 1
5 8 4 71 56 1 3
7 6 7 96 19 2 1 3
8 2 2 27 71 2 3 1
5 13 9 12 48 1 1
2 8 12 39 100 3 2 4 1
1 5 5 76 2 1 1
1 5 3 24 64 1 4
8 3 7 10 39 2 5 1
5 4 5 77 95 1 1
3 9 7 82 77 2 2 5
7 3 2 55 42 1 0
6 8 5 34 45 1 3
4 3 3 56 55 1 6
11 5 11 99 59 3 8 5 1
6 8 4 36 73 2 2 1
7 3 4 39 14 3 7 4 8
3 8 10 78 73 2 3 6
14 9 13 103 92 3 8 9 2
12 6 7 77 38 3 0 3 2
5 2 5 66 98 3 0 4 0
3 5 4 90 73 3 0 3 2
14 11 5 23 58 3 8 0 3
11 3 12 97 7 3 9 3 1
2 5 3 6 93 1 1
4 3 2 51 47 1 8
