10 2
75
24 396 -1
13 363 -1
3 484 -1
11 201 -1
16 392 -1
18 418 -1
17 317 -1
40 355 -1
56 218 -1
0 240 -1
6 483 -1
8 293 -1
15 274 -1
12 223 -1
25 332 -1
29 302 -1
27 225 -1
28 331 -1
32 255 -1
34 389 -1
39 495 -1
38 208 -1
37 223 -1
42 465 -1
41 483 -1
46 453 -1
61 282 -1
49 416 -1
48 480 -1
54 287 -1
65 425 -1
62 215 -1
58 310 -1
64 289 -1
66 311 -1
68 386 -1
67 290 -1
69 493 -1
2 390 -1
5 416 -1
1 441 -1
4 274 -1
9 432 -1
7 490 -1
10 332 -1
14 313 -1
19 447 -1
20 329 -1
21 227 -1
22 443 -1
23 278 -1
26 260 -1
30 361 7647 1892 1752 1469 1104 1873 1398 1863 1657 1901 1061
31 304 9352 1616 1959 1401 1973 1167 1478 1826 1456 1139 1427
36 492 6444 1687 1442 1903 1337 1999 1362 1944 1774 1564 1144
33 458 5001 1343 1894 1631 1764 1987 1842 1413 1676 1848 1312
35 324 6733 1096 1150 1897 1587 1133 1006 1059 1909 1779 1027
43 283 8322 1240 1966 1655 1658 1364 1739 1152 1168 1533 1816
45 497 7150 1363 1108 1113 1373 1641 1271 1261 1910 1541 1954
51 225 7499 1662 1548 1137 1776 1439 1756 1985 1786 1123 1874
47 410 9880 1343 1539 1625 1042 1724 1015 1138 1659 1073 1923
44 381 7449 1120 1482 1791 1883 1702 1753 1431 1323 1511 1808
52 373 8609 1768 1496 1932 1815 1360 1077 1199 1725 1624 1019
57 391 5756 1580 1235 1743 1413 1245 1084 1764 1670 1130 1914
55 439 7325 1707 1319 1691 1586 1382 1536 1703 1002 1897 1684
50 340 9295 1619 1201 1128 1597 1490 1504 1914 1410 1130 1426
53 390 7005 1479 1702 1128 1767 1783 1853 1081 1930 1810 1713
59 205 6924 1526 1359 1761 1914 1319 1969 1291 1517 1478 1742
60 426 7725 1018 1620 1798 1549 1488 1217 1896 1190 1943 1823
63 305 6908 1837 1961 1343 1906 1238 1513 1785 1654 1619 1805
70 290 5364 1709 1419 1367 1465 1934 1939 1591 1693 1889 1562
71 423 5544 1104 1708 1189 1327 1516 1095 1398 1059 1775 1889
74 383 9859 1523 1783 1022 1291 1513 1161 1540 1121 1306 1692
72 398 7095 1314 1398 1554 1372 1219 1048 1363 1930 1732 1493
73 426 5751 1723 1375 1966 1799 1446 1243 1150 1117 1483 1202
99
0 2 453
0 5 223
0 13 335
1 3 405
1 4 351
2 9 303
3 5 299
3 13 237
3 6 423
4 7 489
6 11 225
6 8 480
7 8 454
8 10 392
9 15 490
10 12 329
11 13 221
11 12 390
11 16 202
12 14 341
13 18 456
14 17 265
15 18 489
15 19 420
16 18 414
16 17 402
16 24 326
17 20 447
17 21 255
18 25 492
19 29 352
20 24 371
21 22 286
22 27 488
23 24 312
23 26 272
24 27 451
24 30 341
25 29 401
25 28 347
26 28 257
27 31 426
28 32 434
29 36 287
30 33 296
31 34 451
32 35 286
32 40 245
33 39 330
34 38 207
34 43 475
35 37 363
36 37 285
37 45 342
38 39 317
38 42 294
39 40 335
40 41 210
40 56 397
41 46 220
41 61 321
42 51 457
42 49 477
43 47 283
44 48 333
44 45 285
46 48 302
46 54 336
47 52 366
48 57 360
49 55 490
49 50 346
50 53 424
51 56 343
52 53 282
54 65 207
54 62 219
55 58 299
56 59 477
56 58 464
57 60 263
58 63 380
59 61 236
60 64 457
61 62 407
62 66 389
63 66 489
64 70 475
64 65 452
65 68 371
66 67 211
67 68 476
67 69 446
68 69 279
69 71 208
70 74 402
71 72 316
72 73 309
73 74 336
