30
1 10 6 58 61 2 9 7
15 7 3 9 12 2 8 2
6 2 10 20 21 2 7 6
6 6 7 64 48 1 3
7 7 11 15 6 3 6 4 5
7 4 3 3 61 1 4
5 2 3 41 17 2 1 3
3 4 9 32 15 1 2
9 3 5 61 7 1 3
5 2 3 17 56 3 3 1 7
6 5 11 56 39 2 9 7
7 4 8 62 9 1 4
6 9 6 3 25 2 3 0
17 12 6 13 10 3 9 6 9
7 6 5 9 7 2 5 3
9 13 2 29 4 2 7 3
4 8 6 41 17 1 6
2 5 10 22 12 1 7
3 7 7 22 9 2 7 4
5 7 20 28 67 3 7 0 6
4 5 0 46 0 1 8
5 3 5 3 67 1 2
5 5 3 5 39 2 5 3
5 0 6 4 23 1 7
2 8 8 41 39 1 4
4 3 1 37 66 2 5 8
16 7 6 19 65 1 4
2 6 2 0 24 2 6 4
6 2 7 9 3 2 3 7
5 17 3 58 28 1 6
