10 2
75
24 411 -1
13 428 6219 1462 1248 1230 1762 1180 1350 1243 1994 1766 1378
3 377 5993 1197 1197 1876 1953 1587 1051 1417 1410 1014 1783
11 479 6843 1345 1297 1357 1865 1417 1440 1824 1991 1617 1231
16 302 7964 1473 1462 1000 1639 1553 1352 1285 1213 1810 1519
18 264 7223 1296 1699 1453 1916 1331 1534 1245 1033 1219 1450
17 431 -1
40 477 -1
56 248 -1
0 366 9017 1336 1314 1325 1043 1758 1098 1723 1645 1460 1011
6 455 -1
8 315 -1
15 307 -1
12 499 -1
25 371 -1
29 476 -1
27 299 5231 1758 1990 1861 1153 1942 1204 1277 1880 1245 1507
28 465 -1
32 482 9815 1302 1750 1282 1019 1081 1454 1006 1299 1874 1060
34 364 -1
39 449 8747 1368 1492 1259 1514 1724 1274 1201 1024 1498 1882
38 297 -1
37 357 -1
42 258 -1
41 410 8022 1743 1051 1172 1767 1210 1800 1007 1382 1223 1769
46 329 -1
61 222 -1
49 436 -1
48 429 8744 1308 1956 1715 1025 1745 1543 1566 1332 1365 1192
54 374 6712 1502 1917 1806 1887 1625 1102 1226 1299 1699 1769
65 259 -1
62 439 5775 1817 1568 1691 1999 1904 1258 1457 1339 1250 1104
58 402 -1
64 270 6271 1066 1323 1049 1250 1843 1723 1080 1413 1397 1651
66 341 -1
68 424 -1
67 488 -1
69 362 -1
2 335 -1
5 311 -1
1 362 -1
4 376 -1
9 412 -1
7 457 9172 1918 1065 1854 1124 1371 1158 1383 1953 1532 1843
10 336 -1
14 418 -1
19 295 7278 1946 1234 1451 1323 1725 1997 1996 1341 1857 1055
20 469 7393 1852 1724 1970 1921 1358 1871 1262 2000 1249 1342
21 305 -1
22 306 -1
23 279 -1
26 242 -1
30 444 7302 1313 1736 1783 1211 1988 1507 1218 1235 1494 1578
31 344 -1
36 357 9988 1458 1228 1205 1698 1924 1662 1537 1927 1550 1126
33 328 -1
35 226 -1
43 237 -1
45 235 -1
51 301 -1
47 393 7338 1568 1145 1117 1067 1453 1711 1498 1320 1174 1993
44 470 -1
52 316 -1
57 303 -1
55 289 9466 1089 1585 1801 1802 1978 1965 1001 1790 1027 1205
50 427 -1
53 456 6663 1728 1246 1728 1522 1362 1333 1958 1188 1473 1910
59 345 -1
60 416 -1
63 317 -1
70 304 -1
71 404 -1
74 331 -1
72 366 -1
73 470 -1
99
0 2 430
0 5 483
0 13 375
1 3 294
1 4 337
2 9 306
3 5 260
3 13 458
3 6 483
4 7 442
6 11 310
6 8 448
7 8 458
8 10 459
9 15 345
10 12 443
11 13 435
11 12 305
11 16 371
12 14 391
13 18 397
14 17 287
15 18 366
15 19 266
16 18 235
16 17 278
16 24 294
17 20 427
17 21 492
18 25 460
19 29 302
20 24 273
21 22 476
22 27 494
23 24 203
23 26 286
24 27 373
24 30 466
25 29 389
25 28 418
26 28 415
27 31 280
28 32 416
29 36 491
30 33 240
31 34 255
32 35 253
32 40 253
33 39 381
34 38 385
34 43 494
35 37 414
36 37 328
37 45 464
38 39 318
38 42 288
39 40 376
40 41 294
40 56 401
41 46 433
41 61 211
42 51 363
42 49 362
43 47 399
44 48 296
44 45 283
46 48 443
46 54 264
47 52 392
48 57 264
49 55 322
49 50 273
50 53 299
51 56 349
52 53 374
54 65 267
54 62 475
55 58 466
56 59 341
56 58 259
57 60 310
58 63 393
59 61 211
60 64 298
61 62 384
62 66 462
63 66 221
64 70 280
64 65 211
65 68 384
66 67 496
67 68 360
67 69 407
68 69 232
69 71 226
70 74 206
71 72 378
72 73 268
73 74 375
