30
12 4 5 49 24 3 0 6 0
4 3 3 63 10 1 5
3 2 3 70 15 1 4
14 4 4 63 17 2 2 3
2 9 13 73 33 3 3 8 6
3 10 4 72 56 1 5
4 6 7 23 45 3 0 9 7
3 10 16 33 50 3 6 4 7
6 7 4 34 4 1 8
8 3 3 22 33 3 2 5 1
8 2 1 70 25 1 7
2 11 6 6 70 1 0
12 5 14 70 65 1 9
5 5 3 50 43 1 6
5 9 7 10 12 3 3 2 5
3 9 6 56 22 1 4
11 3 8 21 45 1 4
10 6 5 58 67 3 4 2 9
5 2 9 23 38 3 2 9 5
3 3 7 12 60 3 3 7 5
12 11 4 57 1 1 8
7 9 9 38 44 1 1
10 2 3 42 37 2 7 8
6 2 2 59 10 1 7
9 8 1 15 61 2 4 6
4 3 4 9 5 3 3 2 3
11 8 5 5 44 3 8 7 1
8 4 1 26 21 2 3 1
7 5 11 44 34 2 7 2
10 7 12 25 37 1 9
