10 2
104
40 269 -1
17 252 -1
33 263 -1
46 328 -1
65 438 -1
75 203 6084 1230 1938 1297 1948 1655 1294 1779 1423 1859 1056
3 347 -1
9 268 5662 1013 1700 1428 1795 1010 1141 1307 1734 1478 1148
15 365 -1
32 373 7852 1181 1556 1630 1513 1604 1923 1599 1024 1741 1186
20 282 -1
29 301 -1
35 230 -1
49 322 -1
54 423 -1
62 386 -1
67 302 -1
68 386 -1
69 232 -1
74 434 -1
79 370 -1
86 422 -1
81 290 -1
83 443 -1
84 247 -1
85 344 -1
101 203 7066 1918 1320 1998 1671 1134 1408 1106 1642 1623 1070
87 296 9560 1734 1353 1129 1792 1498 1264 1989 1476 1121 1404
94 397 -1
0 245 8019 1426 1023 1546 1520 1459 1517 1518 1073 1593 1509
4 478 7424 1123 1445 1273 1403 1404 1712 1991 1995 1665 1013
1 323 -1
2 348 8871 1303 1030 1675 1713 1223 1390 1144 1288 1498 1693
8 332 -1
6 285 -1
5 243 -1
19 228 -1
11 360 5530 1954 1716 1722 1353 1276 1301 1076 1692 1404 1875
7 374 -1
12 405 -1
13 443 -1
10 228 8141 1691 1221 1502 1810 1111 1854 1729 1046 1526 1016
16 353 -1
14 269 -1
22 447 -1
24 321 -1
18 218 -1
23 482 -1
28 253 -1
25 372 8267 1267 1327 1745 1474 1128 1456 1959 1784 1814 1682
21 460 8812 1337 1809 1637 1895 1572 1326 1105 1860 1962 1380
26 352 -1
30 407 -1
31 498 8365 1561 1033 1606 1452 1542 1091 1658 1914 1164 1133
37 462 9319 1071 1012 1140 1358 1822 1072 1591 1122 1322 1162
41 313 -1
43 358 -1
34 469 8244 1989 1497 1283 1016 1513 1195 1398 1828 1864 1481
45 463 -1
48 300 -1
36 459 9055 1068 1645 1275 1081 1547 1057 1499 1844 1532 1784
50 283 -1
53 226 -1
56 399 5782 1321 1687 1075 1308 1292 1965 1732 1738 1536 1184
52 404 -1
61 268 -1
55 305 8446 1913 1035 1064 1488 1558 1725 1592 1014 1011 1029
57 291 -1
58 372 -1
59 413 -1
60 483 -1
64 203 -1
63 370 -1
66 463 -1
78 437 9328 1722 1728 1357 1808 1927 1074 1944 1991 1281 1901
77 330 -1
80 291 9604 1817 1386 1737 1222 1828 1127 1146 1598 1538 1087
70 251 -1
76 476 9154 1899 1248 1602 1011 1910 1230 1833 1800 1320 1091
71 220 5211 1685 1682 1315 1235 1149 1180 1477 1366 1899 1699
72 385 -1
73 467 7805 1726 1164 1232 1293 1276 1667 1558 1669 1117 1050
82 286 8957 1871 1027 1538 1427 1431 1734 1038 1964 1320 1458
88 372 5486 1627 1361 1873 1680 1527 1121 1476 1688 1893 1696
93 333 -1
98 409 -1
100 212 -1
96 498 6071 1027 1439 1504 1242 1090 1813 1159 1179 1068 1545
97 290 6801 1430 1048 1106 1401 1894 1979 1195 1360 1018 1562
99 300 -1
102 482 -1
27 398 -1
38 383 -1
39 417 9517 1194 1461 1106 1662 1471 1782 1309 1792 1306 1054
44 422 -1
42 499 -1
47 336 -1
51 324 -1
91 301 5760 1566 1822 1288 1209 1191 1146 1517 1046 1751 1143
90 248 -1
89 330 -1
92 452 -1
95 427 8571 1957 1219 1579 1344 1612 1515 1668 1780 1942 1411
103 270 8497 1177 1573 1642 1582 1598 1361 1485 1199 1966 1894
116
0 4 426
0 3 327
1 2 416
1 8 478
2 3 263
3 9 343
4 6 479
5 19 358
5 15 335
6 11 453
7 8 477
7 12 455
9 13 360
9 17 319
10 15 453
10 16 406
11 14 285
12 17 287
13 32 464
14 22 427
15 20 397
16 24 269
17 18 322
17 23 279
18 27 428
19 28 365
20 25 490
20 33 449
21 26 409
21 30 322
22 31 257
23 29 257
24 25 490
26 35 245
28 40 473
29 35 346
29 38 455
30 37 494
31 32 200
32 39 467
33 41 453
33 43 415
33 44 260
34 45 433
34 48 295
35 36 345
36 40 473
37 40 393
40 41 463
40 43 453
40 46 419
42 49 439
45 65 224
46 47 397
46 49 459
46 50 212
48 53 274
49 56 240
50 52 226
51 61 346
52 55 344
53 54 436
54 65 398
54 57 360
55 58 226
56 75 283
57 59 450
58 60 209
59 64 315
60 62 297
61 65 264
62 65 392
62 67 456
63 67 410
63 68 208
64 69 310
66 68 409
66 78 251
67 74 316
68 77 204
69 79 465
69 80 454
70 86 242
70 76 473
71 74 408
71 81 460
72 75 374
72 73 313
73 77 469
74 83 445
75 91 271
75 78 215
76 79 210
79 86 392
80 81 402
81 82 472
82 84 367
83 84 373
83 85 209
84 88 260
85 101 360
85 87 457
86 93 324
87 90 236
87 94 406
88 89 204
92 93 417
94 98 340
94 100 326
95 96 468
96 97 373
97 99 316
98 102 376
99 100 435
101 103 217
101 102 209
