30
11 7 4 79 35 3 1 4 9
2 12 8 70 84 1 4
4 5 4 27 44 3 4 9 7
4 8 13 60 15 1 2
3 2 6 45 30 1 0
3 3 8 74 77 1 6
1 9 3 14 68 2 7 2
1 4 3 89 79 1 7
4 18 7 26 92 2 4 0
10 7 4 15 43 1 3
10 9 4 79 1 2 8 6
19 4 12 28 19 3 2 5 1
8 1 1 6 69 2 1 8
14 7 7 42 19 3 4 0 2
7 0 3 86 67 3 9 2 0
3 7 11 50 8 2 1 7
2 4 4 30 22 2 0 4
4 12 2 83 99 1 6
3 2 2 15 90 3 2 9 8
2 4 2 79 6 1 7
3 10 8 50 86 1 1
4 6 8 45 79 2 0 5
3 16 9 53 64 3 3 5 2
8 13 8 68 23 2 2 4
3 4 1 93 27 1 5
6 9 3 48 30 1 4
9 18 8 14 51 1 5
14 6 6 3 8 3 8 1 8
3 6 6 14 72 2 4 6
3 16 7 100 5 3 3 2 1
