30
4 3 8 3 10 1 1
8 15 5 5 3 2 3 4
3 7 6 2 8 2 0 2
2 13 13 10 4 1 1
6 7 6 8 10 3 2 3 2
3 8 6 0 7 3 2 3 0
5 5 4 0 5 1 1
9 14 5 1 4 2 3 2
3 6 3 3 5 1 2
6 9 12 0 3 3 1 0 4
2 4 8 0 5 1 4
5 5 7 2 1 2 4 0
2 7 11 1 7 3 0 3 0
6 12 10 10 5 2 1 3
3 4 9 2 0 3 0 1 0
1 3 6 10 1 3 3 4 0
9 8 2 10 4 2 3 4
3 13 4 5 7 1 2
7 7 8 0 10 2 2 0
9 3 9 10 5 3 3 0 4
5 21 7 5 4 3 4 0 3
7 7 3 7 10 1 3
2 5 2 0 1 1 3
8 6 5 2 0 2 1 4
12 6 5 4 7 3 2 4 0
28 5 5 1 3 1 0
2 3 11 7 4 1 0
5 2 7 10 5 2 1 3
9 14 8 10 0 1 0
6 5 1 1 2 1 3
