10 2
104
40 258 9515 1229 1210 1352 1975 1463 1105 1631 1073 1566 1082
17 395 -1
33 242 5592 1570 1436 1072 1936 1213 1711 1543 1746 1286 1227
46 382 8393 1704 1845 1977 1441 1499 1568 1670 1284 1681 1142
65 209 -1
75 468 -1
3 237 -1
9 403 7605 1711 1587 1027 1705 1744 1914 1223 1496 1869 1900
15 477 -1
32 223 -1
20 427 -1
29 351 -1
35 439 -1
49 492 -1
54 332 -1
62 475 -1
67 309 9259 1589 1197 1736 1587 1509 1600 1461 1101 1890 1688
68 263 -1
69 298 8451 1592 1920 1478 1728 1581 1757 1087 1595 1722 1775
74 326 -1
79 363 -1
86 397 -1
81 495 9771 1143 1502 1357 1507 1208 1180 1047 1869 1861 1172
83 211 -1
84 273 -1
85 287 7219 1245 1666 1486 1074 1645 1564 1967 1302 1416 1269
101 285 9086 1153 1878 1715 1059 1638 1196 1145 1656 1343 1411
87 203 -1
94 333 9872 1193 1958 1968 1986 1661 1377 1978 1220 1329 1544
0 438 -1
4 377 -1
1 321 -1
2 465 -1
8 388 -1
6 318 6434 1125 1438 1400 1809 1559 1199 1054 1088 1108 1616
5 295 5426 1680 1761 1273 1390 1871 1345 1460 1817 1356 1512
19 498 -1
11 374 -1
7 401 -1
12 206 -1
13 393 -1
10 322 -1
16 352 -1
14 358 -1
22 487 -1
24 330 -1
18 453 -1
23 364 -1
28 414 7886 1944 1446 1559 1722 1454 1886 1556 1611 1219 1497
25 459 -1
21 450 -1
26 464 -1
30 464 -1
31 326 5464 1678 1708 1581 1759 1598 1726 1049 1387 1773 1036
37 451 -1
41 277 8673 1125 1995 1351 1231 1662 1609 1971 1539 1331 1144
43 431 -1
34 404 -1
45 266 -1
48 480 -1
36 487 -1
50 446 -1
53 314 -1
56 434 -1
52 396 -1
61 370 6657 1883 1695 1291 1464 1803 1072 1635 1157 1116 1177
55 392 9383 1735 1037 1221 1961 1290 1977 1457 1182 1078 1656
57 360 9773 1496 1973 1899 1916 1098 1426 1332 1743 1330 1410
58 362 -1
59 436 -1
60 223 8586 1861 1972 1338 1964 1883 1354 1141 1087 1980 1643
64 418 -1
63 278 -1
66 217 7421 1163 1820 1848 1607 1939 1856 1026 1625 1741 1012
78 325 5144 1272 1143 1993 1924 1988 1956 1342 1425 1965 1220
77 321 -1
80 377 -1
70 274 -1
76 386 9246 1043 1797 1243 1667 1349 1788 1117 1936 1384 1597
71 217 -1
72 454 -1
73 337 8766 1039 1513 1746 1109 1957 1748 1758 1128 1590 1660
82 266 -1
88 357 -1
93 219 9951 1572 1247 1181 1235 1602 1897 1296 1479 1463 1594
98 419 -1
100 408 -1
96 394 -1
97 249 6854 1963 1750 1224 1989 1160 1970 1595 1426 1915 1800
99 281 -1
102 361 -1
27 400 9773 1609 1588 1279 1741 1972 1351 1205 1370 1072 1516
38 344 -1
39 345 -1
44 291 8060 1468 1163 1792 1777 1959 1822 1466 1128 1766 1730
42 444 6746 1317 1313 1767 1429 1717 1459 1120 1723 1762 1954
47 290 7627 1765 1435 1339 1051 1948 1458 1960 1990 1230 1999
51 407 8219 1549 1974 1193 1286 1917 1441 1943 1900 1239 1006
91 250 -1
90 364 -1
89 323 8839 1102 1986 1483 1014 1915 1922 1145 1107 1525 1186
92 370 -1
95 280 -1
103 395 -1
116
0 4 424
0 3 260
1 2 426
1 8 222
2 3 486
3 9 352
4 6 331
5 19 462
5 15 330
6 11 249
7 8 322
7 12 252
9 13 452
9 17 478
10 15 380
10 16 311
11 14 351
12 17 270
13 32 249
14 22 340
15 20 325
16 24 494
17 18 461
17 23 413
18 27 442
19 28 432
20 25 288
20 33 409
21 26 261
21 30 246
22 31 494
23 29 478
24 25 456
26 35 320
28 40 369
29 35 433
29 38 391
30 37 210
31 32 267
32 39 317
33 41 439
33 43 378
33 44 321
34 45 445
34 48 288
35 36 204
36 40 231
37 40 298
40 41 479
40 43 330
40 46 314
42 49 468
45 65 255
46 47 241
46 49 369
46 50 256
48 53 480
49 56 350
50 52 339
51 61 362
52 55 380
53 54 340
54 65 271
54 57 384
55 58 459
56 75 353
57 59 288
58 60 359
59 64 275
60 62 460
61 65 339
62 65 320
62 67 288
63 67 200
63 68 420
64 69 400
66 68 281
66 78 245
67 74 413
68 77 426
69 79 429
69 80 427
70 86 368
70 76 330
71 74 467
71 81 408
72 75 459
72 73 366
73 77 424
74 83 480
75 91 327
75 78 451
76 79 441
79 86 394
80 81 234
81 82 208
82 84 453
83 84 316
83 85 362
84 88 230
85 101 445
85 87 238
86 93 267
87 90 489
87 94 339
88 89 288
92 93 222
94 98 415
94 100 245
95 96 431
96 97 217
97 99 310
98 102 246
99 100 273
101 103 262
101 102 305
