30
8 0 5 100 15 1 7
6 5 10 71 98 1 2
14 13 6 17 96 3 7 8 6
1 3 2 68 98 1 1
7 10 13 84 98 3 7 5 1
7 8 4 91 98 3 8 7 2
3 10 1 36 25 2 7 8
6 1 0 37 49 2 5 8
4 14 4 38 49 2 5 9
3 6 9 8 45 2 6 2
5 4 6 18 72 1 0
11 7 7 87 72 3 7 3 4
7 5 3 100 43 2 9 1
11 3 9 102 86 2 3 5
3 1 7 25 16 2 6 5
16 3 5 12 103 2 1 5
6 7 2 54 62 3 1 5 2
4 9 5 52 92 3 9 1 9
2 4 4 34 79 3 2 5 0
5 12 4 58 64 3 6 4 7
0 12 1 36 65 3 5 7 0
6 10 9 96 100 1 2
7 12 2 100 72 3 6 2 6
2 2 10 1 59 1 5
9 3 2 16 29 1 4
2 8 6 2 83 1 0
3 5 6 56 34 1 8
10 8 11 84 56 3 3 2 4
4 1 1 36 87 2 7 5
5 13 8 11 63 1 1
