30
9 12 0 11 6 2 2 1
3 4 6 3 4 2 1 3
1 9 2 4 12 3 2 4 2
2 4 2 9 12 3 4 1 4
6 9 8 6 12 1 4
2 11 14 2 4 3 4 2 1
12 4 2 6 10 2 1 2
3 7 7 6 10 3 1 2 3
4 3 12 10 13 3 4 3 0
5 11 8 10 2 1 4
8 13 7 6 13 2 3 4
4 7 6 13 6 3 1 2 3
6 6 3 4 7 2 0 2
1 9 7 4 6 3 1 0 4
5 5 1 13 11 3 3 2 4
11 4 5 12 9 3 2 0 1
9 9 3 11 7 2 3 0
8 16 8 7 2 3 0 3 1
4 4 10 7 11 3 1 3 1
12 5 5 9 2 2 4 2
0 4 8 2 7 1 3
9 9 9 3 9 1 1
4 9 9 12 2 1 2
1 2 5 6 10 3 3 0 2
11 6 3 3 4 2 2 4
5 14 10 6 4 2 2 4
2 7 3 6 10 3 3 2 0
1 5 6 12 4 3 0 3 4
4 5 3 13 7 1 1
1 4 4 13 3 2 3 2
