30
3 2 6 7 9 1 2
5 8 5 4 5 1 3
9 2 7 0 4 1 4
10 8 5 8 9 1 4
12 6 8 10 11 2 0 4
1 4 7 5 2 3 2 4 2
4 14 4 13 9 1 1
4 0 13 10 11 3 2 3 2
1 1 5 7 0 1 0
6 3 5 4 0 3 4 2 4
3 10 3 0 9 1 3
1 2 3 10 2 2 0 4
11 5 13 4 0 1 1
5 4 6 8 10 2 2 0
3 5 4 10 0 1 3
13 3 6 13 5 2 4 1
6 8 6 2 0 3 0 2 4
5 8 8 13 0 3 1 2 3
2 7 6 7 5 1 0
8 10 8 7 2 3 4 3 4
7 4 8 10 8 3 1 0 3
8 6 8 9 5 1 4
2 3 4 11 10 2 3 2
17 4 12 4 7 1 1
12 2 2 11 0 2 2 0
11 6 7 0 8 3 1 3 1
8 1 5 7 13 3 4 3 1
10 3 7 0 4 2 0 4
5 8 4 11 7 1 1
5 2 12 10 9 3 1 3 0
