10 2
104
40 447 7994 1796 1966 1723 1397 1494 1302 1242 1055 1883 1146
17 356 -1
33 355 -1
46 310 -1
65 295 9825 1432 1709 1792 1760 1920 1249 1430 1414 1795 1590
75 346 7170 1804 1666 1120 1936 1407 1596 1483 1433 1007 1404
3 387 -1
9 212 -1
15 490 -1
32 425 -1
20 296 -1
29 256 6169 1648 1377 1551 1905 1860 1486 1176 1620 1447 1090
35 201 -1
49 227 5256 1324 1511 1748 1449 1964 1677 1107 1504 1280 1951
54 274 -1
62 377 -1
67 260 -1
68 473 9855 1258 1540 1926 1042 1283 1575 1729 1632 1509 1368
69 290 7999 1629 1374 1304 2000 1642 1905 1043 1043 1251 1775
74 292 7012 1435 1301 1319 1535 1155 1344 1649 1982 1880 1480
79 222 -1
86 313 -1
81 454 9881 1303 2000 1409 1663 1058 1049 1806 1181 1677 1522
83 464 -1
84 340 -1
85 378 -1
101 330 -1
87 386 -1
94 496 -1
0 494 -1
4 345 -1
1 249 5748 1997 1983 1330 1741 1811 1760 1510 1277 1127 1120
2 448 -1
8 377 6730 1069 1485 1503 1835 1356 1481 1152 1375 1741 1881
6 461 -1
5 252 5247 1696 1991 1665 1269 1821 1078 1921 1948 1436 1562
19 420 -1
11 399 -1
7 335 -1
12 221 -1
13 338 -1
10 391 -1
16 376 -1
14 277 -1
22 325 -1
24 249 -1
18 262 -1
23 438 5976 1156 1442 1894 1518 1496 1776 1250 1304 1604 1387
28 294 -1
25 334 -1
21 306 6897 1078 1746 1828 1258 1792 1221 1441 1688 1609 1396
26 345 -1
30 486 -1
31 456 -1
37 447 -1
41 318 -1
43 441 -1
34 489 5430 1110 1807 1648 1832 1250 1862 1944 1593 1086 1316
45 351 5482 1437 1677 1055 1184 1317 1426 1827 1684 1385 1239
48 321 -1
36 486 -1
50 235 -1
53 254 -1
56 348 -1
52 238 -1
61 439 -1
55 418 -1
57 481 7485 1136 1061 1225 1695 1919 1487 1557 1158 1836 1621
58 212 5963 1525 1804 1472 1410 1554 1542 1367 1321 1543 1743
59 367 -1
60 327 -1
64 305 -1
63 453 -1
66 305 6998 1595 1855 1637 1718 1600 1032 1127 1435 1547 1392
78 398 -1
77 397 -1
80 458 -1
70 480 -1
76 427 -1
71 371 -1
72 447 -1
73 347 -1
82 235 5288 1313 1726 1012 1288 1793 1631 1155 1556 1941 1391
88 311 6985 1658 1735 1273 1110 1904 1860 1755 1343 1574 1400
93 243 9311 1330 1303 1290 1795 1511 1394 1735 1970 1200 1391
98 479 5632 1562 1235 1930 1938 1401 1344 1577 1861 1823 1815
100 486 -1
96 237 -1
97 284 8437 1312 1742 1722 1971 1724 1402 1802 1419 1240 1375
99 495 5206 1100 1313 1950 1362 1305 1507 1146 1978 1133 1170
102 375 -1
27 433 -1
38 220 -1
39 245 9886 1497 1379 1760 1270 1230 1351 1637 1002 1602 1362
44 382 6962 1989 1581 1701 1589 1363 1361 1922 1240 1094 1244
42 297 9125 1285 1191 1508 1275 1134 1718 1454 1480 1066 1566
47 380 5473 1575 1205 1092 1209 1666 1674 1149 1716 1476 1841
51 419 -1
91 485 -1
90 217 6055 1227 1385 1185 1581 1297 1890 1823 1750 1073 1357
89 490 -1
92 486 -1
95 262 8241 1598 1258 1635 1097 1622 1370 1837 1295 1915 1815
103 276 -1
116
0 4 407
0 3 231
1 2 212
1 8 370
2 3 305
3 9 416
4 6 366
5 19 422
5 15 421
6 11 372
7 8 213
7 12 490
9 13 312
9 17 282
10 15 236
10 16 419
11 14 234
12 17 226
13 32 307
14 22 355
15 20 458
16 24 352
17 18 270
17 23 223
18 27 256
19 28 490
20 25 407
20 33 208
21 26 281
21 30 211
22 31 342
23 29 204
24 25 200
26 35 348
28 40 498
29 35 314
29 38 281
30 37 422
31 32 283
32 39 363
33 41 275
33 43 263
33 44 248
34 45 369
34 48 267
35 36 223
36 40 259
37 40 269
40 41 225
40 43 445
40 46 361
42 49 404
45 65 386
46 47 382
46 49 336
46 50 495
48 53 208
49 56 347
50 52 461
51 61 316
52 55 477
53 54 278
54 65 258
54 57 422
55 58 490
56 75 486
57 59 269
58 60 458
59 64 215
60 62 346
61 65 423
62 65 213
62 67 420
63 67 406
63 68 314
64 69 219
66 68 331
66 78 280
67 74 295
68 77 486
69 79 290
69 80 370
70 86 270
70 76 400
71 74 379
71 81 296
72 75 278
72 73 334
73 77 309
74 83 268
75 91 277
75 78 362
76 79 284
79 86 411
80 81 497
81 82 400
82 84 211
83 84 432
83 85 227
84 88 317
85 101 361
85 87 302
86 93 431
87 90 387
87 94 347
88 89 389
92 93 429
94 98 374
94 100 469
95 96 459
96 97 218
97 99 291
98 102 222
99 100 228
101 103 384
101 102 326
