30
5 6 7 62 80 3 5 2 7
3 7 6 102 30 1 3
8 3 7 9 14 2 0 3
7 5 2 70 60 3 5 8 7
22 4 6 46 56 3 6 3 5
9 6 7 36 94 2 9 5
7 4 5 15 4 2 0 4
7 17 8 91 53 2 9 2
3 9 4 2 46 3 3 5 1
4 11 11 54 10 3 7 9 7
3 4 6 94 11 1 4
4 6 6 17 52 2 2 8
10 11 9 89 54 2 2 4
3 7 2 20 26 3 0 3 9
5 4 18 56 35 1 1
10 4 4 28 16 1 9
1 5 2 83 24 1 3
10 7 3 56 54 2 2 9
10 8 9 27 31 1 3
1 2 7 3 73 1 5
6 9 6 19 3 1 9
13 7 6 80 27 2 0 8
9 1 3 59 35 1 5
3 2 4 9 6 3 5 7 8
9 2 4 46 56 3 4 3 2
8 7 7 18 38 2 5 1
6 5 8 36 87 3 3 5 3
4 10 12 18 16 1 4
3 9 7 20 32 3 9 3 0
7 3 10 24 85 2 5 0
