10 1
104
40 227 5090 1605 1143 1560 1086 1410 1877 1962 1868 1236 1276
17 435 5349 1248 1211 1088 1354 1444 1282 1934 1321 1529 1945
33 322 8872 1343 1493 1306 1321 1293 1512 1879 1244 1903 1699
46 417 8352 1562 1143 1044 1063 1447 1323 1266 1591 1638 1399
65 433 6349 1710 1457 1878 1516 1925 1081 1818 1457 1343 1468
75 316 7955 1042 1688 1784 1798 1382 1832 1530 1030 1833 1232
3 336 6523 1090 1426 1392 1423 1973 1687 1130 1228 1995 1436
9 287 8917 1523 1545 1048 1809 1427 1320 1928 1545 1026 1972
15 381 9597 1005 1513 1375 1952 1546 1657 1300 1410 1029 1595
32 313 7680 1947 1303 1165 1570 1301 1504 1743 1364 1424 1465
20 339 -1
29 280 -1
35 202 -1
49 330 -1
54 278 -1
62 275 -1
67 299 -1
68 309 -1
69 478 -1
74 464 -1
79 318 -1
86 315 -1
81 451 -1
83 307 -1
84 359 -1
85 315 -1
101 261 -1
87 496 -1
94 480 -1
0 313 -1
4 473 -1
1 462 -1
2 342 -1
8 349 -1
6 383 -1
5 259 -1
19 467 -1
11 227 -1
7 390 -1
12 286 -1
13 241 -1
10 266 -1
16 315 -1
14 300 -1
22 277 -1
24 481 -1
18 429 -1
23 257 -1
28 326 -1
25 284 -1
21 424 -1
26 355 -1
30 226 -1
31 361 -1
37 374 -1
41 254 -1
43 240 -1
34 388 -1
45 295 -1
48 312 -1
36 319 -1
50 316 -1
53 406 -1
56 272 -1
52 485 -1
61 358 -1
55 341 -1
57 422 -1
58 395 -1
59 326 -1
60 341 -1
64 499 -1
63 452 -1
66 227 -1
78 237 -1
77 464 -1
80 292 -1
70 314 -1
76 382 -1
71 469 -1
72 296 -1
73 406 -1
82 444 -1
88 412 -1
93 409 -1
98 234 -1
100 372 -1
96 452 -1
97 339 -1
99 328 -1
102 224 -1
27 498 -1
38 483 -1
39 308 -1
44 271 -1
42 221 -1
47 396 -1
51 492 -1
91 477 -1
90 438 -1
89 294 -1
92 399 -1
95 310 -1
103 251 -1
116
0 4 462
0 3 249
1 2 298
1 8 416
2 3 427
3 9 405
4 6 361
5 19 201
5 15 251
6 11 285
7 8 394
7 12 330
9 13 335
9 17 270
10 15 413
10 16 279
11 14 214
12 17 467
13 32 337
14 22 267
15 20 280
16 24 303
17 18 219
17 23 347
18 27 483
19 28 431
20 25 235
20 33 230
21 26 416
21 30 466
22 31 485
23 29 271
24 25 470
26 35 307
28 40 361
29 35 288
29 38 443
30 37 217
31 32 457
32 39 395
33 41 355
33 43 373
33 44 458
34 45 261
34 48 329
35 36 354
36 40 462
37 40 434
40 41 392
40 43 223
40 46 430
42 49 256
45 65 471
46 47 266
46 49 330
46 50 245
48 53 388
49 56 295
50 52 452
51 61 395
52 55 242
53 54 282
54 65 291
54 57 418
55 58 219
56 75 362
57 59 275
58 60 418
59 64 307
60 62 469
61 65 221
62 65 433
62 67 352
63 67 436
63 68 259
64 69 472
66 68 303
66 78 207
67 74 365
68 77 357
69 79 333
69 80 354
70 86 379
70 76 431
71 74 471
71 81 483
72 75 435
72 73 325
73 77 278
74 83 496
75 91 433
75 78 313
76 79 395
79 86 495
80 81 372
81 82 253
82 84 312
83 84 330
83 85 498
84 88 355
85 101 444
85 87 261
86 93 234
87 90 255
87 94 238
88 89 259
92 93 338
94 98 234
94 100 482
95 96 475
96 97 275
97 99 269
98 102 258
99 100 371
101 103 369
101 102 378
