30
10 9 4 60 22 3 2 8 3
10 7 7 16 102 3 5 6 2
2 7 4 95 69 3 9 3 8
1 8 3 8 4 3 0 8 4
5 1 6 53 30 3 1 3 6
10 2 4 0 10 3 1 5 9
4 5 12 76 60 3 3 2 3
3 7 5 19 45 2 4 1
3 6 6 18 11 3 6 4 3
6 2 1 4 56 2 8 1
19 8 6 38 41 1 6
3 6 2 27 98 3 2 7 6
4 4 9 42 44 1 1
2 4 4 45 37 3 2 1 5
6 3 4 21 16 2 2 6
5 3 7 66 67 3 2 8 3
3 9 14 48 72 2 1 6
3 2 4 25 92 1 0
9 5 4 56 85 3 8 7 1
11 3 8 73 13 3 6 8 6
7 5 9 0 18 3 7 8 5
2 5 6 12 18 3 4 3 4
5 15 11 66 28 3 9 0 1
3 5 12 81 60 2 2 6
2 4 2 48 26 2 6 3
5 3 5 50 39 3 0 4 3
5 4 4 47 42 1 4
2 3 7 20 10 2 8 5
9 4 13 97 8 2 3 2
14 8 5 18 48 3 7 8 7
