10 1
75
24 386 -1
13 321 -1
3 385 6404 1081 1203 1841 1643 1599 1275 1026 1035 1063 1551
11 234 -1
16 314 -1
18 429 -1
17 475 6819 1795 1155 1508 1304 1508 1270 1199 1458 1523 1532
40 348 -1
56 399 -1
0 345 -1
6 408 -1
8 240 -1
15 202 -1
12 472 7529 1334 1720 1572 1526 1225 1066 1157 1180 1574 1804
25 482 5040 1587 1989 1341 1491 1085 1813 1726 1292 1403 1649
29 303 -1
27 294 -1
28 201 5817 1042 1585 1556 1958 1222 1215 1078 1370 1455 1135
32 497 -1
34 441 -1
39 266 8538 1279 1503 1175 1671 1962 1207 1807 1967 1803 1443
38 230 -1
37 432 -1
42 430 -1
41 202 -1
46 484 -1
61 398 -1
49 473 -1
48 414 -1
54 278 -1
65 318 -1
62 463 8951 1287 1828 1894 1711 1810 1513 1035 1518 1410 1902
58 358 -1
64 441 -1
66 306 8675 1106 1131 1858 1711 1140 1323 1214 1319 1242 1658
68 297 9421 1496 1555 1014 1698 1081 1081 1725 1002 1851 1584
67 490 -1
69 414 5987 1281 1191 1294 1340 1193 1340 1745 1233 1522 1554
2 428 -1
5 407 -1
1 476 9418 1401 1352 1046 1219 1316 1229 1305 1291 1712 1066
4 454 -1
9 305 -1
7 296 -1
10 341 -1
14 342 -1
19 453 -1
20 243 -1
21 224 -1
22 477 -1
23 396 8997 1678 1764 1922 1673 1425 1740 1917 1808 1268 1862
26 215 8302 1936 1311 1348 1030 1848 1962 1116 1105 1910 1627
30 277 9533 1803 1644 1098 1558 1162 1759 1308 1778 1782 1396
31 202 6248 1571 1056 1585 1193 1964 1451 1213 1323 1142 1821
36 442 9839 1656 1565 1153 1821 1212 1320 1685 1677 1941 1917
33 379 8777 1999 1657 1754 1623 1411 1427 1711 1456 1227 1237
35 278 -1
43 252 -1
45 479 6448 1412 1553 1911 1993 1973 1590 1760 1806 1084 1114
51 387 -1
47 490 -1
44 245 7232 1865 1013 1942 1562 1897 1594 1631 1322 1163 1994
52 424 -1
57 228 9841 1672 1502 1750 1354 1640 1932 1151 1779 1279 1737
55 220 -1
50 388 -1
53 296 -1
59 287 -1
60 261 -1
63 430 -1
70 309 7493 1711 1511 1339 1137 1451 1923 1867 1204 1070 1400
71 386 5952 1245 1624 1912 1189 1049 1596 1632 1588 1374 1204
74 417 -1
72 301 -1
73 262 -1
99
0 2 442
0 5 341
0 13 289
1 3 303
1 4 458
2 9 436
3 5 327
3 13 225
3 6 348
4 7 326
6 11 333
6 8 250
7 8 372
8 10 417
9 15 288
10 12 406
11 13 389
11 12 448
11 16 487
12 14 342
13 18 282
14 17 373
15 18 406
15 19 324
16 18 448
16 17 312
16 24 222
17 20 486
17 21 409
18 25 217
19 29 405
20 24 317
21 22 376
22 27 483
23 24 224
23 26 427
24 27 252
24 30 308
25 29 251
25 28 310
26 28 294
27 31 300
28 32 486
29 36 432
30 33 250
31 34 287
32 35 336
32 40 235
33 39 252
34 38 254
34 43 392
35 37 433
36 37 302
37 45 294
38 39 330
38 42 261
39 40 319
40 41 345
40 56 292
41 46 227
41 61 456
42 51 276
42 49 380
43 47 301
44 48 325
44 45 359
46 48 239
46 54 244
47 52 462
48 57 429
49 55 200
49 50 360
50 53 305
51 56 428
52 53 288
54 65 396
54 62 224
55 58 426
56 59 456
56 58 382
57 60 462
58 63 322
59 61 350
60 64 498
61 62 389
62 66 252
63 66 386
64 70 397
64 65 240
65 68 232
66 67 374
67 68 292
67 69 407
68 69 215
69 71 433
70 74 300
71 72 330
72 73 421
73 74 298
