30
16 3 1 11 14 3 9 1 8
10 7 11 48 11 2 7 6
6 5 7 0 32 3 5 2 5
3 4 5 14 48 2 0 5
9 6 4 32 4 3 5 6 8
6 9 8 7 10 2 8 2
7 5 8 0 42 3 9 6 9
2 2 3 60 55 2 8 9
12 1 7 20 35 1 7
1 2 5 53 67 3 1 9 5
11 5 12 37 51 2 8 4
11 11 7 4 20 1 2
6 11 5 35 37 2 5 1
8 7 10 58 9 2 2 9
3 12 9 10 67 3 2 7 6
4 5 3 32 4 2 8 5
1 7 3 65 72 3 1 3 6
1 10 4 27 73 2 2 6
2 12 3 5 32 2 6 9
13 7 3 50 73 3 8 4 3
4 12 4 46 61 2 7 8
9 5 4 19 49 1 9
12 4 7 14 51 2 0 9
7 5 11 54 43 3 3 2 9
3 4 12 74 27 3 6 3 1
3 9 12 38 35 1 4
6 10 1 40 54 1 8
3 5 4 35 72 2 4 0
1 5 5 2 74 2 4 8
8 3 4 54 48 2 9 3
