10 1
104
40 281 7361 1415 1177 1456 1255 1987 1770 1169 1548 1512 1568
17 243 9496 1198 1153 1605 1456 1767 1951 1309 1482 1725 1215
33 353 -1
46 285 5073 1355 1589 1896 1641 1276 1454 1699 1374 1322 1206
65 342 -1
75 258 -1
3 296 -1
9 442 -1
15 218 -1
32 285 -1
20 244 -1
29 319 -1
35 297 -1
49 317 -1
54 473 -1
62 304 5935 1163 1857 1839 1546 1838 1064 1268 1670 1686 1005
67 397 7668 1511 1416 1467 1874 1980 1186 1985 1604 1010 1776
68 370 -1
69 464 6284 1262 1370 1251 1144 1858 1670 1207 1180 1331 1789
74 346 -1
79 204 -1
86 465 -1
81 320 -1
83 249 -1
84 279 -1
85 498 -1
101 369 -1
87 373 -1
94 287 5641 1366 1996 1582 1295 1681 1136 1453 1715 1790 1056
0 451 -1
4 232 6103 1088 1066 1158 1935 1235 1236 1166 1048 1181 1112
1 224 -1
2 490 -1
8 439 7148 1881 1098 1264 1360 1183 1560 1107 1067 1116 1860
6 472 -1
5 367 9064 1167 1833 1871 1539 1746 1989 1864 1582 1049 1054
19 287 -1
11 477 -1
7 328 -1
12 266 7195 1974 1519 1358 1337 1408 1828 1564 1036 1736 1484
13 459 8114 1813 1545 1065 1826 1857 1869 1818 1375 1468 2000
10 253 -1
16 407 -1
14 428 -1
22 467 -1
24 321 5045 1840 1665 1625 1050 1792 1737 1304 1022 1988 1955
18 386 -1
23 387 -1
28 484 9466 1465 1721 1689 1633 1340 1797 1214 1726 1199 1215
25 333 -1
21 348 -1
26 439 -1
30 297 -1
31 228 7944 1822 1226 1434 1909 1930 1501 1669 1705 1233 1488
37 301 -1
41 489 -1
43 322 8167 1335 1965 1422 1223 1368 1733 1381 1615 1872 1676
34 256 9145 1449 1601 1594 1100 1648 1987 1497 1202 1129 1650
45 237 5045 1352 1551 1748 1115 1512 1882 1911 1777 1827 1099
48 392 -1
36 375 6767 1587 1592 1634 1509 1612 1962 1418 1259 1009 1600
50 365 -1
53 447 -1
56 416 8990 1914 1331 1409 1737 1435 1645 1398 1338 1315 1753
52 479 5271 1043 1985 1921 1526 1055 1527 1552 1068 1553 1227
61 256 -1
55 300 7602 1587 1923 1216 1219 1428 1191 1833 1862 1945 1687
57 252 -1
58 223 -1
59 290 -1
60 424 -1
64 289 -1
63 323 -1
66 392 -1
78 206 -1
77 426 -1
80 228 9321 1838 1109 1369 1199 1804 1036 1143 1869 1250 1133
70 484 9426 1074 1846 1061 1398 1248 1045 1938 1908 1077 1201
76 281 -1
71 497 -1
72 301 -1
73 222 9521 1546 1175 1300 1252 1602 1171 1183 1142 1494 1824
82 314 -1
88 360 6556 1271 1318 1246 1269 1406 1835 1899 1658 1598 1078
93 265 5930 1269 1941 1492 1262 1028 1299 1159 1522 1484 1195
98 243 9312 1306 1642 1981 1630 1690 1513 1522 1194 1452 1731
100 228 -1
96 366 9958 1860 1352 1666 1931 1052 1976 1145 1803 1801 1597
97 231 -1
99 395 -1
102 355 -1
27 313 -1
38 380 9982 1383 1968 1228 1126 1955 1237 1275 1075 1422 1989
39 473 6066 1889 1038 1461 1112 1733 1102 1886 1495 1350 1665
44 316 -1
42 329 -1
47 219 -1
51 313 -1
91 274 -1
90 417 -1
89 391 -1
92 482 -1
95 394 -1
103 247 -1
116
0 4 267
0 3 382
1 2 257
1 8 489
2 3 216
3 9 220
4 6 354
5 19 377
5 15 251
6 11 268
7 8 332
7 12 306
9 13 259
9 17 267
10 15 230
10 16 275
11 14 413
12 17 314
13 32 337
14 22 269
15 20 328
16 24 472
17 18 303
17 23 305
18 27 321
19 28 231
20 25 465
20 33 383
21 26 274
21 30 481
22 31 341
23 29 350
24 25 438
26 35 237
28 40 324
29 35 436
29 38 312
30 37 291
31 32 240
32 39 316
33 41 317
33 43 264
33 44 485
34 45 417
34 48 372
35 36 252
36 40 460
37 40 300
40 41 329
40 43 282
40 46 310
42 49 481
45 65 238
46 47 216
46 49 354
46 50 472
48 53 311
49 56 475
50 52 469
51 61 488
52 55 330
53 54 401
54 65 315
54 57 371
55 58 243
56 75 317
57 59 446
58 60 376
59 64 353
60 62 416
61 65 427
62 65 454
62 67 367
63 67 265
63 68 363
64 69 332
66 68 236
66 78 299
67 74 273
68 77 488
69 79 283
69 80 244
70 86 459
70 76 385
71 74 372
71 81 331
72 75 451
72 73 378
73 77 258
74 83 249
75 91 256
75 78 212
76 79 319
79 86 372
80 81 318
81 82 466
82 84 447
83 84 332
83 85 247
84 88 453
85 101 200
85 87 405
86 93 286
87 90 404
87 94 302
88 89 215
92 93 407
94 98 210
94 100 446
95 96 402
96 97 259
97 99 447
98 102 282
99 100 486
101 103 330
101 102 362
