30
12 3 7 27 6 2 1 3
7 13 6 35 53 3 8 9 8
14 6 4 27 97 2 2 9
0 3 9 18 84 2 8 9
3 4 3 44 91 2 5 8
4 5 5 74 83 3 4 5 8
6 7 6 14 6 3 6 5 8
5 6 12 97 57 3 0 9 1
2 4 12 60 68 2 6 9
2 5 2 3 49 3 2 8 6
5 3 5 42 90 3 4 9 1
4 9 6 72 103 1 3
8 3 4 35 91 2 7 8
4 1 7 75 15 3 5 2 7
5 3 9 42 26 3 2 8 4
3 3 10 100 23 3 7 0 5
2 15 5 33 86 3 9 5 0
1 9 4 2 100 3 8 7 4
4 4 11 10 11 1 4
4 8 9 50 60 1 2
1 11 10 83 3 1 9
12 5 3 101 32 2 5 6
4 11 10 102 95 2 7 2
8 20 8 91 21 1 2
8 3 8 0 71 2 7 2
6 10 2 16 37 1 7
11 10 2 30 76 2 5 9
3 7 5 81 18 3 1 9 7
1 6 5 7 27 2 1 7
9 3 4 65 92 3 4 1 0
