30
3 1 3 1 6 2 1 4
5 8 5 1 9 1 2
6 4 3 11 0 1 0
4 8 4 11 4 3 0 3 1
6 5 6 0 3 2 1 3
4 4 8 3 12 1 1
3 2 4 12 0 1 3
3 5 4 12 0 1 4
7 6 1 13 7 2 2 3
3 7 8 11 2 2 3 1
2 6 5 8 12 3 4 0 2
2 8 6 9 1 1 4
4 9 2 8 0 3 4 3 1
3 5 4 1 0 1 0
7 2 8 1 0 3 2 3 0
5 5 5 0 8 3 1 4 0
8 7 11 2 4 3 1 2 3
7 15 4 0 4 3 4 1 3
5 4 14 12 10 3 1 2 3
7 9 13 2 7 3 4 3 0
6 5 6 8 4 3 2 4 0
5 5 6 8 11 2 1 4
6 5 5 10 12 1 1
4 3 5 11 8 3 3 1 4
3 13 2 12 13 1 2
5 18 8 1 4 2 3 2
8 2 1 11 9 2 2 3
8 2 7 3 9 3 0 4 3
4 7 11 7 8 3 4 3 1
6 2 8 10 7 1 3
