10 1
75
24 239 -1
13 412 -1
3 423 -1
11 287 -1
16 336 -1
18 364 -1
17 250 -1
40 282 -1
56 332 -1
0 272 -1
6 212 -1
8 207 -1
15 339 -1
12 342 -1
25 483 -1
29 345 -1
27 261 -1
28 234 -1
32 446 -1
34 246 -1
39 426 -1
38 202 -1
37 284 -1
42 221 -1
41 342 -1
46 300 -1
61 450 -1
49 241 -1
48 222 -1
54 273 -1
65 324 -1
62 260 -1
58 481 -1
64 475 -1
66 345 -1
68 476 -1
67 366 -1
69 240 -1
2 468 -1
5 373 -1
1 451 -1
4 270 -1
9 265 -1
7 379 -1
10 353 -1
14 282 -1
19 308 -1
20 452 -1
21 259 -1
22 437 -1
23 227 -1
26 323 -1
30 292 8949 1023 1010 1259 1578 1021 1254 1705 1355 1246 1376
31 468 7014 1867 1923 1280 1099 1341 1977 1168 1598 1493 1595
36 346 5332 1774 1996 1663 1119 1738 1615 1930 1974 1611 1837
33 204 5924 1175 1470 1844 1798 1645 1411 1499 1217 1753 1664
35 300 7819 1705 1153 1432 1108 1289 1375 1255 1182 1912 1606
43 311 8926 1122 1014 1759 1761 1972 1679 1270 1954 1161 1540
45 306 8175 1970 1000 1474 1187 1089 1814 1471 1217 1924 1414
51 266 9040 1117 1078 1467 1466 1822 1026 1594 1110 1321 1485
47 267 7282 1581 1432 1672 1678 1304 1670 1903 1744 1974 1482
44 227 7406 1461 1148 1250 1144 1651 1111 1162 1894 1652 1533
52 321 8846 1953 1815 1091 1257 1172 1388 1590 1877 1758 1017
57 248 9146 1097 1268 1985 1666 1122 1024 1452 1725 1065 1155
55 211 5952 1460 1585 1827 1482 1008 1533 1134 1288 1260 1742
50 203 9674 1937 1286 1231 1877 1841 1201 1587 1133 1901 1527
53 207 9980 1360 1278 1234 1926 1326 1108 1000 1117 1575 1824
59 282 5474 1969 1131 1568 1318 1115 1344 1963 1654 1124 1205
60 492 5373 1349 1694 1249 1050 1202 1263 1008 1778 1489 1058
63 355 8331 1440 1776 1733 1621 1773 1529 1223 1285 1398 1153
70 247 8818 1211 1683 1422 1182 1431 1525 1567 1037 1071 1051
71 491 9137 1821 1376 1792 1601 1690 1379 1841 1110 1039 1430
74 378 5124 1879 1766 1729 1693 1016 1738 1794 1531 1692 1921
72 259 8121 1199 1623 1342 1351 1999 1976 1695 1807 1478 1219
73 333 9995 1460 1199 1283 1373 1775 1682 1884 1954 1918 1632
99
0 2 437
0 5 372
0 13 211
1 3 390
1 4 250
2 9 428
3 5 366
3 13 373
3 6 337
4 7 291
6 11 375
6 8 247
7 8 479
8 10 267
9 15 258
10 12 224
11 13 429
11 12 362
11 16 284
12 14 268
13 18 375
14 17 455
15 18 363
15 19 421
16 18 232
16 17 400
16 24 441
17 20 406
17 21 474
18 25 475
19 29 474
20 24 341
21 22 232
22 27 311
23 24 345
23 26 383
24 27 209
24 30 343
25 29 213
25 28 482
26 28 471
27 31 203
28 32 456
29 36 408
30 33 274
31 34 261
32 35 463
32 40 371
33 39 463
34 38 446
34 43 392
35 37 260
36 37 294
37 45 409
38 39 224
38 42 269
39 40 231
40 41 375
40 56 259
41 46 327
41 61 429
42 51 446
42 49 353
43 47 386
44 48 233
44 45 487
46 48 445
46 54 374
47 52 442
48 57 315
49 55 341
49 50 307
50 53 335
51 56 449
52 53 336
54 65 337
54 62 301
55 58 412
56 59 233
56 58 318
57 60 270
58 63 211
59 61 224
60 64 464
61 62 249
62 66 227
63 66 317
64 70 415
64 65 271
65 68 215
66 67 374
67 68 244
67 69 309
68 69 466
69 71 444
70 74 357
71 72 416
72 73 290
73 74 246
