30
9 4 5 56 58 1 6
9 2 7 65 64 2 2 7
8 6 5 54 65 2 0 7
7 2 7 13 3 3 7 5 9
2 5 3 24 8 2 4 8
5 3 4 17 38 2 8 0
21 12 7 3 21 2 0 5
6 3 4 25 62 3 9 7 9
3 7 4 7 39 1 0
8 1 7 42 9 2 0 1
9 2 8 0 10 1 4
6 4 5 32 3 2 8 9
4 5 4 6 49 1 4
6 1 7 65 1 3 9 7 4
2 5 3 24 62 3 4 7 5
3 7 11 2 11 3 7 2 5
8 5 5 49 12 3 5 1 5
2 3 6 67 29 2 5 2
5 10 7 21 20 2 6 1
6 2 3 22 16 2 7 2
11 5 17 56 12 2 5 7
2 4 4 7 48 3 3 8 0
5 3 17 23 41 1 1
3 1 4 32 18 3 5 0 9
7 6 13 1 4 3 5 1 6
5 7 4 67 20 2 2 0
4 3 9 54 2 1 8
4 3 5 17 9 2 0 7
10 3 4 38 17 2 7 1
5 4 8 17 22 3 7 9 2
