10 1
104
40 301 -1
17 443 -1
33 255 -1
46 232 -1
65 315 -1
75 369 -1
3 417 -1
9 388 -1
15 377 -1
32 452 -1
20 430 -1
29 367 -1
35 254 -1
49 343 -1
54 265 -1
62 481 -1
67 382 -1
68 412 -1
69 496 -1
74 238 -1
79 204 -1
86 323 -1
81 262 -1
83 363 -1
84 303 -1
85 269 -1
101 399 -1
87 492 -1
94 312 -1
0 370 -1
4 490 -1
1 388 -1
2 450 -1
8 263 -1
6 396 -1
5 320 -1
19 325 -1
11 284 -1
7 381 -1
12 347 -1
13 287 -1
10 361 -1
16 317 -1
14 269 -1
22 311 -1
24 334 -1
18 377 -1
23 378 -1
28 202 -1
25 255 -1
21 353 -1
26 360 -1
30 342 -1
31 324 -1
37 395 -1
41 238 -1
43 431 -1
34 355 -1
45 223 -1
48 308 -1
36 485 -1
50 309 -1
53 449 -1
56 458 -1
52 332 -1
61 434 -1
55 361 -1
57 303 -1
58 382 -1
59 222 -1
60 241 -1
64 277 -1
63 222 7067 1557 1460 1515 1266 1049 1245 1145 1806 1232 1039
66 441 7709 1088 1219 1640 1800 1831 1585 1471 1927 1239 1642
78 454 6497 1021 1006 1936 1662 1423 1252 1047 1808 1165 1353
77 463 8808 1793 1825 1882 1391 1677 1209 1264 1586 1928 1154
80 427 7807 1685 1274 1800 1205 1106 1722 1219 1685 1592 1923
70 382 6155 1811 1750 1981 1828 1568 1854 1045 1754 1553 1684
76 289 6076 1136 1881 1235 1177 1023 1486 1087 1440 1408 1042
71 299 7644 1392 1774 1036 1156 1844 1544 1538 1075 1227 1859
72 255 5229 1638 1683 1121 1738 1153 1013 1343 1887 1990 1279
73 383 7854 1628 1922 1313 1741 1742 1444 1126 1104 1164 1899
82 254 5032 1699 1681 1070 1406 1876 1742 1066 1131 1334 1839
88 283 5013 1674 1602 1387 1579 1622 1151 1795 1909 1255 1482
93 443 9332 1299 1004 1755 1382 1674 1596 1440 1002 1509 1853
98 488 6802 1872 1383 1107 1336 1730 1885 1596 1296 1670 1528
100 280 6133 1976 1979 1399 1575 1050 1512 1939 1111 1208 1694
96 244 6138 1846 1004 1458 1195 1556 1678 1490 1798 1394 1100
97 448 9107 1337 1660 1277 1977 1625 1562 1855 1307 1365 1936
99 203 5290 1374 1578 1287 1654 1754 1575 1928 1546 1717 1879
102 358 7650 1718 1208 1410 1613 1334 1443 1937 1520 1858 1920
27 464 5778 1616 1002 1928 1596 1137 1722 1730 1095 1605 1339
38 373 5179 1513 1910 1807 1234 1498 1145 1461 1473 1110 1859
39 354 5632 1657 1998 1941 1032 1271 1459 1248 1312 1279 1852
44 455 8463 1000 1807 1752 1038 1823 1544 1548 1926 1886 1909
42 344 8929 1916 1812 1709 1514 1732 1929 1201 1813 1571 1807
47 266 7875 1204 1133 1046 1227 1854 1613 1499 1404 1285 1905
51 427 6549 1141 1687 1657 1439 1340 1640 1004 1252 1430 1342
91 447 8788 1812 1840 1759 1836 1224 1443 1592 1481 1390 1430
90 414 9957 1410 1327 1312 1286 1896 1044 1730 1405 1149 1552
89 210 7600 1032 1884 1351 1030 1405 1786 1516 1089 1249 1089
92 241 7378 1875 1652 1772 1435 1676 1039 1749 1706 1603 1983
95 373 9072 1218 1059 1473 1273 1200 1981 1930 1355 1523 1303
103 449 6635 1009 1471 1950 1021 1604 1780 1832 1337 1773 1812
116
0 4 498
0 3 456
1 2 451
1 8 272
2 3 341
3 9 436
4 6 253
5 19 447
5 15 228
6 11 368
7 8 442
7 12 241
9 13 341
9 17 212
10 15 298
10 16 406
11 14 205
12 17 293
13 32 370
14 22 329
15 20 275
16 24 212
17 18 350
17 23 354
18 27 494
19 28 222
20 25 211
20 33 454
21 26 442
21 30 238
22 31 350
23 29 478
24 25 439
26 35 296
28 40 299
29 35 331
29 38 328
30 37 389
31 32 279
32 39 420
33 41 416
33 43 288
33 44 428
34 45 204
34 48 280
35 36 367
36 40 372
37 40 433
40 41 442
40 43 365
40 46 363
42 49 482
45 65 232
46 47 428
46 49 379
46 50 212
48 53 218
49 56 310
50 52 407
51 61 255
52 55 236
53 54 468
54 65 260
54 57 494
55 58 385
56 75 249
57 59 233
58 60 237
59 64 493
60 62 374
61 65 280
62 65 288
62 67 396
63 67 392
63 68 429
64 69 288
66 68 313
66 78 239
67 74 430
68 77 249
69 79 222
69 80 409
70 86 443
70 76 279
71 74 221
71 81 244
72 75 324
72 73 241
73 77 418
74 83 385
75 91 248
75 78 321
76 79 206
79 86 443
80 81 448
81 82 311
82 84 341
83 84 417
83 85 351
84 88 340
85 101 353
85 87 482
86 93 340
87 90 267
87 94 261
88 89 315
92 93 290
94 98 370
94 100 401
95 96 397
96 97 423
97 99 203
98 102 435
99 100 381
101 103 351
101 102 307
