30
3 4 11 48 14 3 2 9 1
9 5 3 57 35 1 7
10 2 6 49 57 2 4 7
7 5 3 26 16 2 8 9
10 7 6 65 79 3 2 4 3
8 9 19 45 18 1 8
1 6 8 87 53 1 3
5 2 10 15 34 2 3 2
8 3 4 22 49 1 7
2 5 4 20 85 1 0
6 7 0 5 101 3 0 4 8
7 10 7 6 31 1 6
7 4 1 26 15 1 3
6 11 11 86 67 1 7
1 4 6 58 13 3 0 5 4
3 9 8 22 40 2 8 2
6 2 4 31 34 2 0 5
10 8 6 40 83 1 1
15 7 1 41 4 3 2 3 0
15 7 6 64 21 2 7 3
12 8 6 62 83 1 2
3 3 4 21 62 1 4
10 5 13 56 68 1 5
3 5 8 81 35 1 7
12 4 1 79 54 2 9 5
7 3 11 101 75 3 6 7 2
6 3 8 4 37 3 2 3 6
11 10 3 14 83 1 7
6 5 5 83 31 2 1 9
8 3 3 13 75 3 5 2 9
