10 2
75
24 316 8611 1412 1339 1951 1700 1995 1279 1242 1433 1687 1802
13 343 5863 1725 1425 1685 1364 1439 1199 1032 1032 1204 1217
3 404 6784 1974 1126 1436 1917 1905 1306 1115 1363 1820 1909
11 485 6591 1625 1583 1365 1240 1662 1742 1613 1449 1971 1142
16 417 9323 1265 1987 1580 1510 1168 1677 1925 1747 1802 1402
18 350 9525 1577 1331 1097 1054 1101 1345 1312 1197 1815 1842
17 423 7951 1379 1069 1584 1782 1603 1421 1310 1265 1680 1007
40 404 -1
56 418 -1
0 376 -1
6 253 -1
8 209 -1
15 365 -1
12 328 -1
25 383 -1
29 476 -1
27 447 -1
28 491 -1
32 326 -1
34 239 -1
39 458 -1
38 331 -1
37 490 -1
42 469 -1
41 377 -1
46 322 -1
61 203 -1
49 290 -1
48 343 -1
54 245 -1
65 341 -1
62 332 -1
58 226 -1
64 444 -1
66 244 -1
68 222 -1
67 219 -1
69 392 -1
2 217 -1
5 494 -1
1 443 -1
4 485 -1
9 452 -1
7 465 -1
10 224 -1
14 209 -1
19 321 -1
20 384 -1
21 205 -1
22 372 -1
23 413 -1
26 493 -1
30 270 -1
31 437 -1
36 210 -1
33 301 -1
35 299 -1
43 235 -1
45 275 -1
51 299 -1
47 457 -1
44 317 -1
52 380 -1
57 324 -1
55 401 -1
50 478 -1
53 492 -1
59 282 -1
60 408 -1
63 268 -1
70 215 -1
71 255 -1
74 356 -1
72 295 -1
73 359 -1
99
0 2 258
0 5 235
0 13 357
1 3 414
1 4 204
2 9 345
3 5 251
3 13 421
3 6 328
4 7 316
6 11 398
6 8 428
7 8 272
8 10 338
9 15 475
10 12 291
11 13 410
11 12 384
11 16 344
12 14 224
13 18 462
14 17 302
15 18 248
15 19 358
16 18 405
16 17 314
16 24 364
17 20 302
17 21 403
18 25 386
19 29 364
20 24 456
21 22 489
22 27 433
23 24 303
23 26 259
24 27 421
24 30 304
25 29 253
25 28 410
26 28 308
27 31 479
28 32 426
29 36 479
30 33 433
31 34 359
32 35 469
32 40 200
33 39 479
34 38 446
34 43 454
35 37 323
36 37 275
37 45 402
38 39 476
38 42 453
39 40 420
40 41 427
40 56 316
41 46 386
41 61 470
42 51 330
42 49 233
43 47 497
44 48 348
44 45 336
46 48 351
46 54 401
47 52 450
48 57 473
49 55 465
49 50 229
50 53 369
51 56 344
52 53 367
54 65 295
54 62 363
55 58 419
56 59 389
56 58 383
57 60 327
58 63 240
59 61 208
60 64 341
61 62 392
62 66 369
63 66 257
64 70 236
64 65 489
65 68 217
66 67 459
67 68 294
67 69 455
68 69 429
69 71 216
70 74 362
71 72 348
72 73 306
73 74 319
