30
4 4 13 10 14 2 5 6
6 5 9 50 73 3 7 6 2
7 9 2 65 57 2 4 2
5 3 7 38 33 3 6 1 4
3 11 8 0 1 3 9 2 3
14 3 7 41 34 1 1
11 2 6 30 63 2 9 6
2 5 8 66 31 1 0
8 10 3 53 25 1 9
2 6 9 23 12 2 5 9
3 5 5 31 0 3 4 2 9
5 6 6 51 63 2 6 4
7 2 7 15 57 3 1 0 6
11 2 5 19 0 1 0
1 3 9 52 1 1 3
13 10 6 33 15 2 1 7
4 13 4 36 2 3 6 4 7
1 3 6 69 46 3 7 3 8
8 14 2 1 34 2 8 4
7 3 10 67 37 1 7
4 3 5 48 62 3 5 4 7
4 11 9 59 12 2 8 9
13 10 4 64 70 2 5 4
1 6 7 36 64 3 6 4 0
6 5 4 5 27 3 7 1 6
8 2 1 40 62 3 0 8 0
12 4 9 25 71 3 5 2 7
15 5 2 28 21 3 2 7 9
9 12 8 7 48 1 6
4 6 3 27 59 3 8 2 1
