30
4 4 11 7 8 3 3 2 3
13 6 2 10 1 3 1 0 2
11 4 15 9 10 3 0 2 1
2 2 4 10 3 3 4 3 1
2 9 4 9 1 3 3 1 3
5 3 9 7 3 3 3 2 4
6 8 11 9 13 1 3
4 2 7 8 5 2 3 2
11 4 5 2 1 3 2 3 1
12 11 5 2 7 3 3 4 1
5 5 17 10 13 2 2 1
5 6 8 1 6 1 0
17 11 5 8 6 2 3 4
2 9 13 6 10 3 0 4 1
14 6 4 13 7 3 4 1 4
2 4 4 6 7 1 4
10 9 6 1 9 2 0 1
7 8 2 5 3 3 2 0 1
4 6 2 10 7 2 0 3
7 8 7 13 8 3 0 4 0
11 0 12 8 3 1 1
6 12 4 13 3 2 3 4
3 5 5 9 10 3 2 3 2
5 11 6 13 7 2 4 2
16 3 12 8 6 1 4
6 3 6 10 6 2 1 0
3 4 2 6 9 3 3 1 0
1 9 3 7 6 1 3
1 4 13 13 7 2 2 3
12 11 11 8 1 3 1 2 4
