30
7 5 7 6 11 1 3
4 5 6 8 4 2 2 4
3 2 16 13 9 1 2
2 7 6 12 8 1 0
3 15 3 2 10 3 0 3 0
7 12 17 2 8 3 4 1 3
8 7 7 7 13 2 1 4
11 6 5 10 3 2 1 3
1 5 9 1 7 1 3
7 5 7 9 3 1 1
7 5 4 10 7 2 4 1
5 7 18 10 6 2 0 2
3 2 1 8 2 3 0 3 2
4 7 15 11 9 2 3 4
6 7 5 6 9 3 0 2 1
7 1 5 1 3 3 3 2 0
3 5 3 2 11 1 1
7 4 9 6 2 2 1 0
2 5 3 13 0 1 2
2 5 16 13 2 2 3 0
2 5 17 7 2 1 4
2 2 5 9 8 1 0
3 9 4 7 11 3 2 0 4
3 1 6 3 12 2 4 2
7 7 8 4 13 2 2 3
5 5 3 7 12 3 3 2 4
16 3 3 3 4 1 2
3 3 6 1 8 3 4 2 4
4 8 4 6 12 3 2 0 1
4 6 2 13 7 1 3
